>TTGAGATGTG	1-TTGAGATGTG	9.191194	-301.389989	0	T:252.0(18.41%),B:1235.1(2.57%),P:1e-130	Tpos:103.7,Tstd:53.8,Bpos:97.4,Bstd:66.2,StrandBias:-0.0,Multiplicity:1.05
0.178	0.001	0.101	0.720
0.029	0.012	0.265	0.694
0.096	0.032	0.858	0.014
0.874	0.009	0.020	0.097
0.021	0.028	0.919	0.032
0.619	0.192	0.100	0.089
0.003	0.038	0.022	0.937
0.040	0.248	0.498	0.214
0.020	0.030	0.001	0.949
0.011	0.027	0.933	0.029
>GAAGCATTCT	2-GAAGCATTCT	10.581780	-242.578482	0	T:145.0(10.59%),B:408.3(0.85%),P:1e-105	Tpos:95.8,Tstd:49.5,Bpos:95.3,Bstd:70.0,StrandBias:0.3,Multiplicity:1.10
0.001	0.001	0.997	0.001
0.997	0.001	0.001	0.001
0.788	0.001	0.210	0.001
0.255	0.001	0.743	0.001
0.001	0.997	0.001	0.001
0.997	0.001	0.001	0.001
0.001	0.166	0.246	0.587
0.001	0.001	0.001	0.997
0.001	0.997	0.001	0.001
0.001	0.001	0.001	0.997
>SGTTCAACTC	3-SGTTCAACTC	7.361157	-225.679439	0	T:281.0(20.53%),B:2203.8(4.59%),P:1e-98	Tpos:100.9,Tstd:48.7,Bpos:99.7,Bstd:62.5,StrandBias:-0.0,Multiplicity:1.36
0.001	0.435	0.410	0.154
0.279	0.001	0.684	0.036
0.055	0.038	0.001	0.906
0.001	0.039	0.001	0.959
0.036	0.728	0.065	0.171
0.909	0.041	0.025	0.025
0.704	0.001	0.040	0.255
0.001	0.801	0.170	0.028
0.033	0.011	0.001	0.955
0.054	0.923	0.010	0.013
>GAATCTACAA	4-GAATCTACAA	9.107051	-212.765558	0	T:135.0(9.86%),B:421.0(0.88%),P:1e-92	Tpos:101.4,Tstd:53.1,Bpos:102.6,Bstd:63.7,StrandBias:-0.3,Multiplicity:1.36
0.056	0.041	0.861	0.042
0.688	0.001	0.207	0.104
0.582	0.056	0.106	0.256
0.073	0.001	0.074	0.852
0.001	0.825	0.006	0.168
0.016	0.010	0.013	0.961
0.687	0.050	0.262	0.001
0.001	0.968	0.030	0.001
0.739	0.227	0.013	0.021
0.839	0.001	0.147	0.013
>AAACTTCTTT	5-AAACTTCTTT	8.937620	-192.841127	0	T:205.0(14.97%),B:1333.5(2.78%),P:1e-83	Tpos:106.3,Tstd:47.1,Bpos:100.2,Bstd:62.9,StrandBias:0.2,Multiplicity:1.16
0.924	0.035	0.018	0.023
0.906	0.029	0.007	0.058
0.844	0.069	0.006	0.081
0.032	0.906	0.008	0.054
0.021	0.073	0.012	0.894
0.114	0.121	0.201	0.564
0.018	0.813	0.076	0.093
0.018	0.154	0.030	0.798
0.074	0.169	0.197	0.560
0.014	0.176	0.015	0.795
>AAAACTAGAC	6-AAAACTAGAC	8.634536	-167.110737	0	T:131.0(9.57%),B:569.7(1.19%),P:1e-72	Tpos:99.7,Tstd:51.5,Bpos:95.5,Bstd:63.3,StrandBias:0.2,Multiplicity:1.08
0.886	0.067	0.001	0.046
0.946	0.001	0.001	0.052
0.684	0.053	0.145	0.118
0.859	0.046	0.094	0.001
0.001	0.997	0.001	0.001
0.001	0.002	0.077	0.920
0.836	0.089	0.058	0.017
0.001	0.133	0.865	0.001
0.929	0.001	0.069	0.001
0.001	0.936	0.001	0.062
>ATAGGCCTCA	7-ATAGGCCTCA	6.918634	-162.952347	0	T:304.0(22.21%),B:3381.1(7.04%),P:1e-70	Tpos:97.6,Tstd:52.5,Bpos:98.3,Bstd:63.5,StrandBias:-0.2,Multiplicity:1.19
0.591	0.019	0.324	0.066
0.287	0.173	0.063	0.477
0.803	0.110	0.066	0.021
0.086	0.111	0.726	0.077
0.101	0.121	0.758	0.020
0.079	0.845	0.034	0.042
0.143	0.709	0.009	0.139
0.084	0.210	0.175	0.531
0.031	0.822	0.100	0.047
0.740	0.162	0.029	0.069
>TGGAAAWGBG	8-TGGAAAWGBG	6.317455	-146.610317	0	T:374.0(27.32%),B:5189.9(10.80%),P:1e-63	Tpos:99.0,Tstd:52.6,Bpos:99.3,Bstd:60.8,StrandBias:-0.0,Multiplicity:1.29
0.052	0.310	0.024	0.614
0.323	0.033	0.557	0.087
0.160	0.011	0.775	0.054
0.691	0.118	0.180	0.011
0.860	0.020	0.072	0.048
0.709	0.245	0.003	0.043
0.472	0.118	0.036	0.374
0.045	0.272	0.447	0.236
0.058	0.397	0.269	0.276
0.226	0.089	0.584	0.101
>CCCTGACCCC	9-CCCTGACCCC	12.507877	-141.770205	0	T:109.0(7.96%),B:459.5(0.96%),P:1e-61	Tpos:106.1,Tstd:54.5,Bpos:95.7,Bstd:63.6,StrandBias:0.1,Multiplicity:1.15
0.001	0.997	0.001	0.001
0.001	0.997	0.001	0.001
0.001	0.997	0.001	0.001
0.001	0.001	0.001	0.997
0.001	0.001	0.997	0.001
0.733	0.265	0.001	0.001
0.001	0.997	0.001	0.001
0.001	0.997	0.001	0.001
0.001	0.997	0.001	0.001
0.001	0.997	0.001	0.001
>AAATCTCCTC	10-AAATCTCCTC	7.651248	-121.051274	0	T:215.0(15.70%),B:2257.3(4.70%),P:1e-52	Tpos:103.9,Tstd:52.7,Bpos:101.3,Bstd:64.3,StrandBias:-0.0,Multiplicity:2.13
0.828	0.079	0.046	0.047
0.612	0.001	0.003	0.384
0.872	0.067	0.039	0.022
0.201	0.147	0.016	0.636
0.135	0.567	0.012	0.286
0.042	0.015	0.004	0.939
0.023	0.513	0.213	0.251
0.034	0.681	0.034	0.251
0.223	0.086	0.092	0.599
0.009	0.730	0.019	0.242
>GTGGGCTCCC	11-GTGGGCTCCC	8.320640	-120.574876	0	T:134.0(9.79%),B:902.9(1.88%),P:1e-52	Tpos:98.0,Tstd:50.8,Bpos:99.6,Bstd:66.5,StrandBias:-0.3,Multiplicity:1.32
0.228	0.001	0.770	0.001
0.001	0.363	0.067	0.569
0.001	0.083	0.915	0.001
0.001	0.046	0.952	0.001
0.028	0.114	0.770	0.088
0.277	0.572	0.061	0.090
0.060	0.172	0.245	0.523
0.063	0.605	0.247	0.085
0.001	0.830	0.168	0.001
0.236	0.564	0.091	0.109
>ATCAHAAGRW	12-ATCAHAAGRW	7.764650	-114.936855	0	T:231.0(16.87%),B:2663.6(5.54%),P:1e-49	Tpos:104.8,Tstd:55.7,Bpos:102.4,Bstd:56.5,StrandBias:-0.1,Multiplicity:1.04
0.562	0.020	0.410	0.008
0.007	0.007	0.001	0.985
0.009	0.850	0.140	0.001
0.934	0.027	0.019	0.020
0.356	0.317	0.012	0.315
0.566	0.083	0.288	0.063
0.828	0.027	0.084	0.061
0.008	0.070	0.905	0.017
0.458	0.066	0.392	0.085
0.513	0.102	0.001	0.384
>TACTGGGGGR	13-TACTGGGGGR	9.348545	-112.134624	0	T:151.0(11.03%),B:1238.3(2.58%),P:1e-48	Tpos:103.4,Tstd:55.0,Bpos:101.2,Bstd:64.4,StrandBias:-0.2,Multiplicity:1.36
0.291	0.001	0.001	0.707
0.572	0.215	0.150	0.063
0.008	0.990	0.001	0.001
0.001	0.001	0.001	0.997
0.001	0.001	0.997	0.001
0.001	0.001	0.997	0.001
0.001	0.001	0.997	0.001
0.387	0.001	0.611	0.001
0.001	0.181	0.752	0.066
0.547	0.001	0.428	0.024
>CTCTTTTCGG	14-CTCTTTTCGG	7.480316	-108.877910	0	T:83.0(6.06%),B:345.6(0.72%),P:1e-47	Tpos:99.2,Tstd:53.0,Bpos:103.8,Bstd:64.0,StrandBias:-0.1,Multiplicity:1.02
0.001	0.997	0.001	0.001
0.001	0.182	0.020	0.797
0.001	0.997	0.001	0.001
0.001	0.001	0.001	0.997
0.001	0.233	0.001	0.765
0.001	0.001	0.001	0.997
0.020	0.001	0.001	0.978
0.001	0.997	0.001	0.001
0.050	0.001	0.948	0.001
0.189	0.001	0.809	0.001
>TCAWBTGGGK	15-TCAWBTGGGK	7.360159	-106.164996	0	T:172.0(12.56%),B:1665.8(3.47%),P:1e-46	Tpos:100.6,Tstd:54.2,Bpos:99.9,Bstd:60.4,StrandBias:0.4,Multiplicity:1.05
0.028	0.001	0.058	0.913
0.001	0.762	0.119	0.118
0.675	0.236	0.062	0.027
0.453	0.219	0.017	0.311
0.148	0.224	0.368	0.260
0.106	0.001	0.371	0.522
0.074	0.001	0.795	0.130
0.007	0.032	0.960	0.001
0.280	0.001	0.612	0.107
0.001	0.189	0.404	0.406
>GRYAAAGAAA	16-GRYAAAGAAA	8.408041	-100.688899	0	T:109.0(7.96%),B:711.5(1.48%),P:1e-43	Tpos:98.0,Tstd:49.9,Bpos:100.6,Bstd:62.2,StrandBias:0.3,Multiplicity:1.13
0.001	0.001	0.800	0.198
0.331	0.076	0.468	0.125
0.033	0.547	0.001	0.419
0.629	0.066	0.191	0.114
0.824	0.104	0.001	0.071
0.879	0.001	0.119	0.001
0.001	0.377	0.597	0.025
0.669	0.009	0.305	0.017
0.667	0.078	0.203	0.052
0.644	0.169	0.125	0.062
>TGTCAGACAG	17-TGTCAGACAG	9.783587	-93.449922	0	T:69.0(5.04%),B:274.0(0.57%),P:1e-40	Tpos:105.1,Tstd:50.2,Bpos:101.8,Bstd:65.2,StrandBias:-0.9,Multiplicity:1.00
0.159	0.001	0.001	0.839
0.001	0.011	0.987	0.001
0.014	0.001	0.001	0.984
0.001	0.990	0.008	0.001
0.973	0.001	0.001	0.025
0.007	0.001	0.966	0.026
0.854	0.001	0.001	0.144
0.001	0.861	0.100	0.038
0.971	0.021	0.007	0.001
0.020	0.001	0.978	0.001
>AACACTCTTT	18-AACACTCTTT	9.132311	-92.778895	0	T:69.0(5.04%),B:277.4(0.58%),P:1e-40	Tpos:101.1,Tstd:57.0,Bpos:99.4,Bstd:60.0,StrandBias:0.8,Multiplicity:1.12
0.997	0.001	0.001	0.001
0.997	0.001	0.001	0.001
0.001	0.978	0.001	0.020
0.997	0.001	0.001	0.001
0.021	0.977	0.001	0.001
0.126	0.001	0.001	0.872
0.001	0.997	0.001	0.001
0.001	0.021	0.001	0.977
0.011	0.052	0.001	0.936
0.001	0.001	0.001	0.997
>GATTCCTCCT	19-GATTCCTCCT	10.160848	-78.493699	0	T:36.0(2.63%),B:60.7(0.13%),P:1e-34	Tpos:92.3,Tstd:46.4,Bpos:84.0,Bstd:67.0,StrandBias:-0.2,Multiplicity:1.00
0.001	0.001	0.997	0.001
0.997	0.001	0.001	0.001
0.001	0.001	0.001	0.997
0.001	0.001	0.001	0.997
0.001	0.997	0.001	0.001
0.001	0.997	0.001	0.001
0.001	0.001	0.026	0.972
0.001	0.997	0.001	0.001
0.001	0.972	0.026	0.001
0.001	0.001	0.001	0.997
>CAGACGGCAC	20-CAGACGGCAC	8.664079	-77.416075	0	T:45.0(3.29%),B:121.7(0.25%),P:1e-33	Tpos:86.5,Tstd:41.9,Bpos:100.7,Bstd:55.6,StrandBias:0.2,Multiplicity:1.00
0.001	0.997	0.001	0.001
0.997	0.001	0.001	0.001
0.001	0.001	0.997	0.001
0.997	0.001	0.001	0.001
0.001	0.849	0.001	0.149
0.103	0.001	0.895	0.001
0.025	0.001	0.973	0.001
0.002	0.953	0.044	0.001
0.982	0.001	0.001	0.016
0.001	0.997	0.001	0.001
>CAGTTKGAGC	21-CAGTTKGAGC	11.739694	-71.958967	0	T:45.0(3.29%),B:138.5(0.29%),P:1e-31	Tpos:99.8,Tstd:47.8,Bpos:94.1,Bstd:73.3,StrandBias:-0.2,Multiplicity:1.00
0.001	0.940	0.058	0.001
0.997	0.001	0.001	0.001
0.001	0.001	0.991	0.007
0.121	0.001	0.001	0.877
0.001	0.004	0.001	0.994
0.069	0.195	0.370	0.365
0.001	0.013	0.985	0.001
0.997	0.001	0.001	0.001
0.001	0.001	0.774	0.224
0.001	0.997	0.001	0.001
>ATCAGACTGC	22-ATCAGACTGC	7.458706	-70.339701	0	T:86.0(6.28%),B:639.5(1.33%),P:1e-30	Tpos:99.3,Tstd:52.9,Bpos:102.5,Bstd:66.1,StrandBias:0.3,Multiplicity:1.35
0.510	0.168	0.237	0.085
0.114	0.001	0.242	0.643
0.158	0.652	0.036	0.154
0.710	0.002	0.094	0.194
0.204	0.179	0.542	0.075
0.418	0.132	0.245	0.205
0.095	0.771	0.068	0.066
0.236	0.042	0.165	0.557
0.003	0.158	0.800	0.039
0.106	0.709	0.096	0.089
>TAACCCTAAC	23-TAACCCTAAC	10.296193	-9.235818	0	T:3.0(0.22%),B:3.5(0.01%),P:1e-4	Tpos:109.1,Tstd:49.3,Bpos:100.6,Bstd:31.5,StrandBias:0.4,Multiplicity:24.33
0.100	0.100	0.100	0.700
0.700	0.100	0.100	0.100
0.700	0.100	0.100	0.100
0.100	0.700	0.100	0.100
0.100	0.700	0.100	0.100
0.100	0.700	0.100	0.100
0.100	0.100	0.100	0.700
0.700	0.100	0.100	0.100
0.700	0.100	0.100	0.100
0.100	0.700	0.100	0.100
>TTCTATTCTA	24-TTCTATTCTA	8.350283	-4.272214	0	T:29.0(2.12%),B:650.2(1.35%),P:1e-1	Tpos:86.1,Tstd:44.7,Bpos:100.2,Bstd:57.8,StrandBias:-1.0,Multiplicity:1.71
0.100	0.100	0.100	0.700
0.100	0.100	0.100	0.700
0.100	0.700	0.100	0.100
0.100	0.100	0.100	0.700
0.700	0.100	0.100	0.100
0.100	0.100	0.100	0.700
0.100	0.100	0.100	0.700
0.100	0.700	0.100	0.100
0.100	0.100	0.100	0.700
0.700	0.100	0.100	0.100
>GAGAGAGAGA	25-GAGAGAGAGA	13.545611	-0.141786	0	T:11.0(0.80%),B:516.6(1.08%),P:1e0	Tpos:100.9,Tstd:41.8,Bpos:106.2,Bstd:69.6,StrandBias:0.6,Multiplicity:2.82
0.001	0.037	0.961	0.001
0.997	0.001	0.001	0.001
0.001	0.070	0.928	0.001
0.997	0.001	0.001	0.001
0.001	0.062	0.936	0.001
0.997	0.001	0.001	0.001
0.001	0.051	0.947	0.001
0.997	0.001	0.001	0.001
0.001	0.063	0.935	0.001
0.997	0.001	0.001	0.001
>TATCTTCACATA	1-TATCTTCACATA	9.858904	-296.998726	0	T:114.0(8.33%),B:120.5(0.25%),P:1e-128	Tpos:100.5,Tstd:51.8,Bpos:96.1,Bstd:69.5,StrandBias:0.8,Multiplicity:1.10
0.032	0.001	0.001	0.966
0.979	0.001	0.011	0.009
0.011	0.011	0.001	0.977
0.011	0.967	0.011	0.011
0.011	0.020	0.001	0.968
0.009	0.011	0.001	0.979
0.010	0.988	0.001	0.001
0.921	0.039	0.001	0.039
0.029	0.934	0.001	0.036
0.971	0.011	0.009	0.009
0.039	0.001	0.011	0.949
0.988	0.001	0.001	0.010
>TAGAGCAGTTTT	2-TAGAGCAGTTTT	10.959668	-288.925137	0	T:113.0(8.25%),B:125.2(0.26%),P:1e-125	Tpos:103.2,Tstd:52.3,Bpos:100.9,Bstd:64.7,StrandBias:0.4,Multiplicity:1.08
0.012	0.092	0.057	0.839
0.874	0.001	0.001	0.124
0.008	0.043	0.948	0.001
0.987	0.001	0.001	0.011
0.001	0.001	0.997	0.001
0.001	0.997	0.001	0.001
0.987	0.001	0.011	0.001
0.011	0.008	0.980	0.001
0.022	0.001	0.011	0.966
0.008	0.001	0.008	0.983
0.001	0.001	0.001	0.997
0.001	0.011	0.121	0.867
>TCCMCTYGCAGA	3-TCCMCTYGCAGA	8.309753	-251.866735	0	T:263.0(19.21%),B:1703.8(3.55%),P:1e-109	Tpos:101.6,Tstd:52.9,Bpos:100.4,Bstd:62.1,StrandBias:0.2,Multiplicity:1.27
0.080	0.109	0.087	0.724
0.065	0.726	0.162	0.047
0.247	0.724	0.015	0.014
0.457	0.339	0.074	0.130
0.073	0.666	0.063	0.198
0.108	0.120	0.016	0.756
0.119	0.377	0.210	0.294
0.192	0.179	0.409	0.220
0.009	0.862	0.093	0.036
0.887	0.026	0.028	0.059
0.044	0.039	0.894	0.023
0.610	0.212	0.164	0.014
>AGCTTTCTGAGR	4-AGCTTTCTGAGR	9.773703	-242.777205	0	T:168.0(12.27%),B:609.1(1.27%),P:1e-105	Tpos:100.7,Tstd:47.8,Bpos:101.1,Bstd:67.5,StrandBias:0.1,Multiplicity:1.03
0.763	0.001	0.013	0.223
0.312	0.149	0.528	0.011
0.110	0.541	0.194	0.155
0.285	0.071	0.001	0.643
0.076	0.160	0.034	0.730
0.001	0.347	0.001	0.651
0.047	0.764	0.119	0.070
0.255	0.111	0.026	0.608
0.013	0.354	0.599	0.034
0.965	0.001	0.033	0.001
0.040	0.001	0.924	0.035
0.506	0.013	0.480	0.001
>TTKGAGSGCTTT	5-TTKGAGSGCTTT	10.262035	-223.309900	0	T:119.0(8.69%),B:268.6(0.56%),P:1e-96	Tpos:99.9,Tstd:54.3,Bpos:98.6,Bstd:68.3,StrandBias:0.4,Multiplicity:1.45
0.001	0.001	0.001	0.997
0.001	0.001	0.001	0.997
0.046	0.001	0.487	0.465
0.045	0.001	0.917	0.037
0.873	0.001	0.090	0.036
0.001	0.001	0.954	0.044
0.087	0.322	0.371	0.220
0.072	0.325	0.535	0.068
0.049	0.905	0.045	0.001
0.001	0.001	0.001	0.997
0.045	0.045	0.091	0.819
0.001	0.001	0.001	0.997
>AAAAGARAGTTT	6-AAAAGARAGTTT	9.463774	-215.249240	0	T:224.0(16.36%),B:1429.3(2.98%),P:1e-93	Tpos:102.9,Tstd:50.6,Bpos:99.7,Bstd:62.8,StrandBias:-0.1,Multiplicity:1.23
0.916	0.020	0.063	0.001
0.966	0.001	0.032	0.001
0.997	0.001	0.001	0.001
0.793	0.001	0.045	0.161
0.025	0.029	0.945	0.001
0.598	0.001	0.386	0.015
0.393	0.095	0.511	0.001
0.515	0.001	0.198	0.286
0.040	0.001	0.607	0.352
0.061	0.020	0.291	0.628
0.022	0.094	0.010	0.874
0.206	0.004	0.001	0.789
>GCATWCATCTCA	7-GCATWCATCTCA	10.626228	-192.080386	0	T:126.0(9.20%),B:415.7(0.87%),P:1e-83	Tpos:97.3,Tstd:47.8,Bpos:99.0,Bstd:66.2,StrandBias:0.0,Multiplicity:1.44
0.016	0.009	0.949	0.026
0.001	0.994	0.004	0.001
0.966	0.018	0.009	0.007
0.113	0.273	0.007	0.607
0.455	0.001	0.008	0.536
0.047	0.915	0.007	0.031
0.940	0.001	0.017	0.042
0.378	0.018	0.018	0.586
0.008	0.984	0.007	0.001
0.364	0.013	0.001	0.622
0.001	0.990	0.001	0.008
0.990	0.001	0.001	0.008
>AAACTAGACAGA	8-AAACTAGACAGA	11.312595	-189.824707	0	T:122.0(8.91%),B:388.4(0.81%),P:1e-82	Tpos:103.1,Tstd:48.6,Bpos:98.4,Bstd:65.3,StrandBias:0.5,Multiplicity:1.05
0.983	0.001	0.001	0.015
0.952	0.016	0.016	0.016
0.954	0.016	0.029	0.001
0.010	0.976	0.001	0.013
0.001	0.022	0.016	0.961
0.934	0.016	0.015	0.035
0.011	0.244	0.710	0.035
0.988	0.001	0.010	0.001
0.001	0.970	0.019	0.010
0.957	0.016	0.016	0.011
0.007	0.001	0.991	0.001
0.955	0.016	0.013	0.016
>GCAGACTGAMAY	9-GCAGACTGAMAY	10.395067	-184.858937	0	T:112.0(8.18%),B:321.2(0.67%),P:1e-80	Tpos:98.6,Tstd:53.5,Bpos:98.7,Bstd:63.2,StrandBias:0.1,Multiplicity:1.02
0.231	0.001	0.728	0.040
0.001	0.878	0.120	0.001
0.854	0.001	0.001	0.144
0.001	0.049	0.949	0.001
0.629	0.001	0.001	0.369
0.040	0.928	0.031	0.001
0.049	0.001	0.001	0.949
0.001	0.001	0.775	0.223
0.750	0.050	0.050	0.150
0.364	0.466	0.048	0.121
0.741	0.130	0.128	0.001
0.001	0.438	0.001	0.560
>GTAGAATCTACA	10-GTAGAATCTACA	8.866775	-182.717394	0	T:92.0(6.72%),B:184.3(0.38%),P:1e-79	Tpos:97.3,Tstd:53.5,Bpos:105.3,Bstd:66.5,StrandBias:-0.2,Multiplicity:1.08
0.114	0.046	0.764	0.076
0.193	0.209	0.098	0.500
0.578	0.002	0.176	0.244
0.384	0.017	0.583	0.016
0.695	0.042	0.095	0.168
0.523	0.128	0.204	0.145
0.174	0.132	0.063	0.631
0.042	0.681	0.155	0.122
0.076	0.337	0.009	0.578
0.514	0.050	0.215	0.221
0.062	0.811	0.064	0.063
0.753	0.203	0.002	0.042
>TGGGAGATCCAC	11-TGGGAGATCCAC	10.000492	-174.846245	0	T:107.0(7.82%),B:312.4(0.65%),P:1e-75	Tpos:104.8,Tstd:50.6,Bpos:96.8,Bstd:67.6,StrandBias:-0.1,Multiplicity:1.01
0.055	0.045	0.001	0.899
0.001	0.027	0.889	0.083
0.017	0.111	0.852	0.020
0.083	0.083	0.643	0.191
0.806	0.001	0.148	0.045
0.042	0.083	0.874	0.001
0.807	0.087	0.028	0.078
0.176	0.022	0.001	0.801
0.036	0.880	0.083	0.001
0.047	0.798	0.028	0.127
0.861	0.040	0.071	0.028
0.014	0.895	0.028	0.063
>GGGGGCAGGGCA	12-GGGGGCAGGGCA	11.092561	-171.743987	0	T:128.0(9.35%),B:516.6(1.08%),P:1e-74	Tpos:105.5,Tstd:51.5,Bpos:94.8,Bstd:65.0,StrandBias:0.0,Multiplicity:1.05
0.083	0.072	0.844	0.001
0.020	0.001	0.978	0.001
0.016	0.001	0.982	0.001
0.001	0.073	0.905	0.021
0.036	0.001	0.647	0.316
0.001	0.997	0.001	0.001
0.997	0.001	0.001	0.001
0.001	0.001	0.997	0.001
0.128	0.001	0.870	0.001
0.001	0.049	0.897	0.053
0.251	0.747	0.001	0.001
0.489	0.087	0.166	0.258
>VCTCTCTTCAAA	13-VCTCTCTTCAAA	10.050101	-168.849727	0	T:94.0(6.87%),B:230.4(0.48%),P:1e-73	Tpos:107.9,Tstd:50.6,Bpos:100.8,Bstd:65.3,StrandBias:0.1,Multiplicity:1.01
0.331	0.395	0.273	0.001
0.001	0.997	0.001	0.001
0.001	0.001	0.001	0.997
0.001	0.997	0.001	0.001
0.001	0.001	0.001	0.997
0.001	0.603	0.001	0.395
0.001	0.409	0.001	0.589
0.001	0.001	0.001	0.997
0.001	0.997	0.001	0.001
0.997	0.001	0.001	0.001
0.583	0.395	0.021	0.001
0.997	0.001	0.001	0.001
>TACCTAMSCAAA	14-TACCTAMSCAAA	9.159026	-161.062846	0	T:107.0(7.82%),B:359.4(0.75%),P:1e-69	Tpos:99.7,Tstd:49.8,Bpos:96.0,Bstd:64.2,StrandBias:0.0,Multiplicity:1.40
0.001	0.207	0.001	0.791
0.922	0.076	0.001	0.001
0.001	0.634	0.364	0.001
0.001	0.868	0.130	0.001
0.001	0.090	0.001	0.908
0.766	0.001	0.156	0.077
0.366	0.385	0.170	0.079
0.211	0.387	0.321	0.081
0.001	0.845	0.077	0.077
0.845	0.001	0.153	0.001
0.845	0.153	0.001	0.001
0.765	0.001	0.233	0.001
>TGGAAAAGGAAA	15-TGGAAAAGGAAA	12.417367	-136.663172	0	T:66.0(4.82%),B:121.1(0.25%),P:1e-59	Tpos:103.0,Tstd:49.3,Bpos:96.2,Bstd:72.0,StrandBias:0.6,Multiplicity:1.09
0.001	0.001	0.001	0.997
0.001	0.001	0.908	0.090
0.084	0.001	0.914	0.001
0.997	0.001	0.001	0.001
0.997	0.001	0.001	0.001
0.997	0.001	0.001	0.001
0.997	0.001	0.001	0.001
0.001	0.001	0.959	0.039
0.001	0.040	0.937	0.022
0.977	0.001	0.001	0.021
0.977	0.001	0.001	0.021
0.977	0.001	0.001	0.021
>CTCCTCAAGTGG	16-CTCCTCAAGTGG	10.848157	-124.054804	0	T:70.0(5.11%),B:176.7(0.37%),P:1e-53	Tpos:109.1,Tstd:52.4,Bpos:90.1,Bstd:69.7,StrandBias:-0.1,Multiplicity:1.00
0.029	0.950	0.001	0.020
0.001	0.028	0.001	0.970
0.001	0.997	0.001	0.001
0.001	0.970	0.028	0.001
0.001	0.001	0.001	0.997
0.001	0.997	0.001	0.001
0.975	0.001	0.001	0.023
0.950	0.001	0.029	0.020
0.028	0.001	0.970	0.001
0.016	0.001	0.020	0.963
0.001	0.001	0.997	0.001
0.001	0.139	0.831	0.029
>GCAGGGAGGCCT	17-GCAGGGAGGCCT	12.936462	-116.172812	0	T:60.0(4.38%),B:127.1(0.26%),P:1e-50	Tpos:92.0,Tstd:58.0,Bpos:92.2,Bstd:70.4,StrandBias:0.1,Multiplicity:1.00
0.069	0.069	0.587	0.275
0.001	0.883	0.068	0.048
0.997	0.001	0.001	0.001
0.344	0.001	0.587	0.068
0.068	0.001	0.930	0.001
0.102	0.272	0.625	0.001
0.997	0.001	0.001	0.001
0.069	0.240	0.622	0.069
0.001	0.042	0.956	0.001
0.068	0.930	0.001	0.001
0.068	0.930	0.001	0.001
0.001	0.001	0.001	0.997
>KGTCCCGYACAG	18-KGTCCCGYACAG	13.212755	-112.623138	0	T:25.0(1.83%),B:4.0(0.01%),P:1e-48	Tpos:80.4,Tstd:51.6,Bpos:120.4,Bstd:25.9,StrandBias:0.3,Multiplicity:1.00
0.001	0.001	0.560	0.438
0.001	0.001	0.997	0.001
0.001	0.001	0.001	0.997
0.001	0.997	0.001	0.001
0.001	0.997	0.001	0.001
0.001	0.903	0.001	0.095
0.118	0.001	0.880	0.001
0.001	0.560	0.001	0.438
0.997	0.001	0.001	0.001
0.001	0.997	0.001	0.001
0.997	0.001	0.001	0.001
0.001	0.001	0.997	0.001
>ACTGTCAGACAG	19-ACTGTCAGACAG	9.151889	-111.979861	0	T:105.0(7.67%),B:578.6(1.20%),P:1e-48	Tpos:99.6,Tstd:49.0,Bpos:95.4,Bstd:62.8,StrandBias:0.0,Multiplicity:1.05
0.693	0.094	0.101	0.112
0.141	0.684	0.092	0.083
0.094	0.026	0.085	0.795
0.064	0.038	0.862	0.036
0.084	0.143	0.188	0.585
0.031	0.695	0.179	0.095
0.805	0.065	0.010	0.120
0.035	0.030	0.856	0.079
0.673	0.101	0.159	0.067
0.071	0.818	0.084	0.027
0.807	0.007	0.026	0.160
0.072	0.168	0.731	0.029
>GGAAMTCTGGCC	20-GGAAMTCTGGCC	13.889134	-93.648699	0	T:33.0(2.41%),B:28.7(0.06%),P:1e-40	Tpos:103.3,Tstd:56.4,Bpos:102.4,Bstd:64.1,StrandBias:-0.1,Multiplicity:1.27
0.132	0.001	0.866	0.001
0.001	0.001	0.997	0.001
0.975	0.023	0.001	0.001
0.997	0.001	0.001	0.001
0.520	0.455	0.001	0.024
0.001	0.001	0.001	0.997
0.001	0.997	0.001	0.001
0.001	0.001	0.001	0.997
0.001	0.001	0.997	0.001
0.001	0.016	0.982	0.001
0.001	0.997	0.001	0.001
0.001	0.997	0.001	0.001
>GTGGRGCCCACC	21-GTGGRGCCCACC	11.097635	-89.009577	0	T:60.0(4.38%),B:207.2(0.43%),P:1e-38	Tpos:96.7,Tstd:54.3,Bpos:95.6,Bstd:70.3,StrandBias:0.1,Multiplicity:1.40
0.001	0.001	0.997	0.001
0.077	0.053	0.232	0.638
0.277	0.001	0.721	0.001
0.013	0.001	0.985	0.001
0.348	0.232	0.419	0.001
0.001	0.398	0.600	0.001
0.001	0.677	0.001	0.321
0.001	0.997	0.001	0.001
0.001	0.713	0.001	0.285
0.733	0.001	0.265	0.001
0.017	0.970	0.012	0.001
0.305	0.693	0.001	0.001
>GGGGGACGGTCA	22-GGGGGACGGTCA	8.422894	-78.287854	0	T:51.0(3.73%),B:167.6(0.35%),P:1e-33	Tpos:96.2,Tstd:45.2,Bpos:99.1,Bstd:61.7,StrandBias:-0.1,Multiplicity:1.04
0.001	0.001	0.997	0.001
0.001	0.001	0.997	0.001
0.001	0.001	0.997	0.001
0.001	0.001	0.997	0.001
0.318	0.001	0.680	0.001
0.997	0.001	0.001	0.001
0.001	0.648	0.350	0.001
0.001	0.001	0.997	0.001
0.001	0.001	0.997	0.001
0.001	0.001	0.350	0.648
0.001	0.997	0.001	0.001
0.970	0.001	0.028	0.001
>TAACCCTAACCC	23-TAACCCTAACCC	16.585386	-12.489124	0	T:3.0(0.22%),B:0.3(0.00%),P:1e-5	Tpos:108.5,Tstd:49.5,Bpos:106.4,Bstd:28.2,StrandBias:0.3,Multiplicity:24.00
0.001	0.001	0.001	0.997
0.997	0.001	0.001	0.001
0.997	0.001	0.001	0.001
0.001	0.997	0.001	0.001
0.001	0.997	0.001	0.001
0.001	0.997	0.001	0.001
0.001	0.001	0.001	0.997
0.997	0.001	0.001	0.001
0.990	0.008	0.001	0.001
0.001	0.997	0.001	0.001
0.001	0.997	0.001	0.001
0.001	0.990	0.001	0.008
>GAATRGAATRGA	24-GAATRGAATRGA	15.252054	-5.669269	0	T:2.0(0.15%),B:3.2(0.01%),P:1e-2	Tpos:85.2,Tstd:28.7,Bpos:85.6,Bstd:53.3,StrandBias:10.0,Multiplicity:2.00
0.001	0.001	0.997	0.001
0.997	0.001	0.001	0.001
0.997	0.001	0.001	0.001
0.001	0.001	0.001	0.997
0.516	0.001	0.482	0.001
0.001	0.001	0.997	0.001
0.997	0.001	0.001	0.001
0.997	0.001	0.001	0.001
0.001	0.001	0.001	0.997
0.536	0.001	0.462	0.001
0.001	0.001	0.997	0.001
0.997	0.001	0.001	0.001
>AGAGAGAGAGAG	25-AGAGAGAGAGAG	16.111639	-0.641533	0	T:9.0(0.66%),B:311.5(0.65%),P:1e0	Tpos:100.6,Tstd:41.8,Bpos:106.9,Bstd:69.7,StrandBias:0.7,Multiplicity:3.11
0.993	0.005	0.001	0.001
0.001	0.071	0.924	0.004
0.995	0.001	0.001	0.003
0.001	0.082	0.916	0.001
0.997	0.001	0.001	0.001
0.001	0.074	0.924	0.001
0.997	0.001	0.001	0.001
0.001	0.080	0.918	0.001
0.994	0.004	0.001	0.001
0.001	0.067	0.931	0.001
0.993	0.001	0.005	0.001
0.001	0.084	0.914	0.001
>AAATTTCC	1-AAATTTCC	6.938469	-196.383041	0	T:287.0(20.96%),B:2616.0(5.45%),P:1e-85	Tpos:102.4,Tstd:52.5,Bpos:99.8,Bstd:61.5,StrandBias:-0.2,Multiplicity:1.26
0.989	0.001	0.009	0.001
0.685	0.001	0.018	0.296
0.955	0.001	0.012	0.032
0.001	0.019	0.008	0.972
0.308	0.001	0.088	0.603
0.089	0.001	0.001	0.909
0.001	0.931	0.048	0.020
0.001	0.951	0.001	0.047
>TTCTCAGA	2-TTCTCAGA	8.095888	-193.946266	0	T:284.0(20.75%),B:2590.6(5.39%),P:1e-84	Tpos:102.4,Tstd:51.6,Bpos:101.4,Bstd:64.6,StrandBias:0.1,Multiplicity:1.07
0.080	0.001	0.001	0.918
0.001	0.001	0.001	0.997
0.001	0.997	0.001	0.001
0.001	0.001	0.001	0.997
0.001	0.709	0.289	0.001
0.997	0.001	0.001	0.001
0.001	0.102	0.896	0.001
0.997	0.001	0.001	0.001
>AGAGCAGT	3-AGAGCAGT	8.746535	-165.455150	0	T:144.0(10.52%),B:724.8(1.51%),P:1e-71	Tpos:98.9,Tstd:52.0,Bpos:101.6,Bstd:67.6,StrandBias:0.5,Multiplicity:1.02
0.997	0.001	0.001	0.001
0.001	0.001	0.997	0.001
0.900	0.098	0.001	0.001
0.001	0.001	0.997	0.001
0.001	0.997	0.001	0.001
0.997	0.001	0.001	0.001
0.001	0.001	0.997	0.001
0.001	0.001	0.001	0.997
>AGGCCTCH	4-AGGCCTCH	9.101349	-150.048862	0	T:212.0(15.49%),B:1839.8(3.83%),P:1e-65	Tpos:100.5,Tstd:53.3,Bpos:98.2,Bstd:64.4,StrandBias:-0.4,Multiplicity:1.02
0.997	0.001	0.001	0.001
0.001	0.001	0.997	0.001
0.056	0.001	0.785	0.158
0.001	0.997	0.001	0.001
0.001	0.893	0.050	0.056
0.045	0.001	0.112	0.842
0.218	0.731	0.001	0.050
0.410	0.320	0.001	0.269
>GTCCGACA	5-GTCCGACA	6.328489	-140.763871	0	T:298.0(21.77%),B:3614.6(7.52%),P:1e-61	Tpos:98.0,Tstd:48.8,Bpos:99.8,Bstd:60.9,StrandBias:0.1,Multiplicity:1.11
0.015	0.048	0.869	0.068
0.041	0.220	0.031	0.708
0.009	0.918	0.035	0.038
0.116	0.659	0.015	0.210
0.073	0.197	0.679	0.051
0.576	0.273	0.074	0.077
0.075	0.770	0.033	0.122
0.825	0.012	0.045	0.118
>TTCAAMTC	6-TTCAAMTC	8.351695	-126.846574	0	T:165.0(12.05%),B:1312.4(2.73%),P:1e-55	Tpos:98.6,Tstd:48.0,Bpos:99.0,Bstd:64.5,StrandBias:0.1,Multiplicity:1.38
0.001	0.001	0.001	0.997
0.080	0.001	0.047	0.872
0.036	0.588	0.142	0.234
0.902	0.001	0.058	0.039
0.836	0.001	0.100	0.063
0.392	0.320	0.195	0.093
0.296	0.001	0.127	0.576
0.088	0.910	0.001	0.001
>TTATGTGA	7-TTATGTGA	8.655782	-121.680235	0	T:79.0(5.77%),B:255.7(0.53%),P:1e-52	Tpos:100.8,Tstd:52.5,Bpos:106.7,Bstd:64.1,StrandBias:-0.8,Multiplicity:1.06
0.001	0.343	0.001	0.655
0.001	0.157	0.315	0.527
0.655	0.001	0.001	0.343
0.001	0.014	0.159	0.826
0.001	0.003	0.995	0.001
0.158	0.015	0.004	0.823
0.159	0.001	0.839	0.001
0.683	0.001	0.001	0.315
>TTGYAGAT	8-TTGYAGAT	8.542728	-120.774788	0	T:102.0(7.45%),B:490.3(1.02%),P:1e-52	Tpos:104.2,Tstd:61.0,Bpos:103.2,Bstd:63.3,StrandBias:-0.1,Multiplicity:1.08
0.001	0.160	0.125	0.714
0.001	0.062	0.093	0.844
0.001	0.163	0.835	0.001
0.125	0.443	0.001	0.431
0.884	0.061	0.001	0.054
0.001	0.062	0.936	0.001
0.847	0.052	0.100	0.001
0.338	0.160	0.001	0.501
>CTTTTTGT	9-CTTTTTGT	9.204992	-102.696426	0	T:163.0(11.91%),B:1549.8(3.23%),P:1e-44	Tpos:96.6,Tstd:54.3,Bpos:101.0,Bstd:62.8,StrandBias:0.2,Multiplicity:1.04
0.001	0.997	0.001	0.001
0.001	0.155	0.001	0.843
0.001	0.001	0.001	0.997
0.001	0.001	0.001	0.997
0.001	0.001	0.001	0.997
0.001	0.001	0.001	0.997
0.001	0.001	0.997	0.001
0.001	0.001	0.001	0.997
>GKTCGAGC	10-GKTCGAGC	6.841864	-100.663217	0	T:266.0(19.43%),B:3674.3(7.65%),P:1e-43	Tpos:103.5,Tstd:53.7,Bpos:99.5,Bstd:62.4,StrandBias:-0.1,Multiplicity:1.35
0.133	0.001	0.572	0.294
0.001	0.001	0.438	0.560
0.001	0.001	0.001	0.997
0.017	0.581	0.401	0.001
0.001	0.001	0.997	0.001
0.997	0.001	0.001	0.001
0.280	0.001	0.678	0.041
0.001	0.997	0.001	0.001
>TAGACAGA	11-TAGACAGA	7.357821	-91.848325	0	T:167.0(12.20%),B:1769.6(3.68%),P:1e-39	Tpos:101.9,Tstd:51.4,Bpos:98.8,Bstd:63.8,StrandBias:0.2,Multiplicity:1.13
0.001	0.001	0.001	0.997
0.968	0.030	0.001	0.001
0.001	0.119	0.879	0.001
0.925	0.001	0.073	0.001
0.001	0.997	0.001	0.001
0.993	0.005	0.001	0.001
0.001	0.001	0.997	0.001
0.997	0.001	0.001	0.001
>YTTKTGAT	12-YTTKTGAT	8.365098	-88.029101	0	T:192.0(14.02%),B:2323.1(4.84%),P:1e-38	Tpos:100.5,Tstd:55.0,Bpos:101.5,Bstd:62.0,StrandBias:0.4,Multiplicity:1.34
0.001	0.554	0.001	0.444
0.012	0.044	0.001	0.943
0.001	0.043	0.001	0.955
0.093	0.001	0.430	0.476
0.001	0.012	0.001	0.986
0.284	0.001	0.714	0.001
0.997	0.001	0.001	0.001
0.285	0.079	0.093	0.543
>TGGKGGAA	13-TGGKGGAA	6.864845	-87.948893	0	T:371.0(27.10%),B:6578.8(13.69%),P:1e-38	Tpos:101.8,Tstd:50.6,Bpos:100.2,Bstd:59.6,StrandBias:0.1,Multiplicity:1.13
0.001	0.152	0.001	0.846
0.060	0.043	0.896	0.001
0.001	0.039	0.876	0.084
0.001	0.100	0.424	0.474
0.308	0.057	0.575	0.060
0.068	0.001	0.930	0.001
0.737	0.227	0.035	0.001
0.673	0.001	0.106	0.220
>GCAGWCTG	14-GCAGWCTG	5.437359	-84.379593	0	T:219.0(16.00%),B:2967.5(6.18%),P:1e-36	Tpos:107.0,Tstd:55.3,Bpos:101.0,Bstd:65.4,StrandBias:0.1,Multiplicity:1.23
0.285	0.001	0.584	0.130
0.001	0.996	0.001	0.002
0.997	0.001	0.001	0.001
0.001	0.001	0.997	0.001
0.448	0.001	0.001	0.550
0.001	0.997	0.001	0.001
0.001	0.028	0.001	0.970
0.001	0.001	0.984	0.014
>GCCGCTTT	15-GCCGCTTT	8.507247	-81.484341	0	T:152.0(11.10%),B:1638.4(3.41%),P:1e-35	Tpos:101.9,Tstd:54.2,Bpos:99.0,Bstd:63.8,StrandBias:0.2,Multiplicity:1.06
0.001	0.176	0.803	0.020
0.001	0.997	0.001	0.001
0.024	0.736	0.001	0.239
0.025	0.198	0.776	0.001
0.001	0.818	0.001	0.180
0.001	0.067	0.005	0.927
0.001	0.001	0.001	0.997
0.001	0.001	0.001	0.997
>TAGGTAAA	16-TAGGTAAA	4.190239	-80.993540	0	T:75.0(5.48%),B:407.6(0.85%),P:1e-35	Tpos:101.7,Tstd:53.1,Bpos:100.0,Bstd:56.1,StrandBias:-0.1,Multiplicity:1.00
0.001	0.001	0.001	0.997
0.979	0.019	0.001	0.001
0.001	0.001	0.997	0.001
0.001	0.001	0.997	0.001
0.001	0.001	0.001	0.997
0.997	0.001	0.001	0.001
0.997	0.001	0.001	0.001
0.944	0.054	0.001	0.001
>KACACCTC	17-KACACCTC	8.206570	-73.203628	0	T:168.0(12.27%),B:2094.3(4.36%),P:1e-31	Tpos:97.2,Tstd:50.7,Bpos:99.9,Bstd:59.8,StrandBias:0.2,Multiplicity:1.07
0.001	0.146	0.497	0.356
0.997	0.001	0.001	0.001
0.390	0.608	0.001	0.001
0.997	0.001	0.001	0.001
0.001	0.997	0.001	0.001
0.001	0.997	0.001	0.001
0.001	0.001	0.001	0.997
0.001	0.997	0.001	0.001
>CTSCTCAA	18-CTSCTCAA	7.536023	-72.547257	0	T:155.0(11.32%),B:1840.7(3.83%),P:1e-31	Tpos:98.0,Tstd:58.2,Bpos:99.1,Bstd:63.6,StrandBias:-0.0,Multiplicity:1.06
0.010	0.988	0.001	0.001
0.283	0.008	0.050	0.659
0.071	0.527	0.392	0.010
0.076	0.838	0.085	0.001
0.106	0.138	0.110	0.646
0.185	0.727	0.079	0.009
0.795	0.138	0.011	0.056
0.834	0.001	0.164	0.001
>TGTTTCAA	19-TGTTTCAA	8.746535	-62.819512	0	T:96.0(7.01%),B:879.3(1.83%),P:1e-27	Tpos:100.9,Tstd:55.8,Bpos:102.9,Bstd:62.7,StrandBias:-0.7,Multiplicity:1.06
0.001	0.001	0.001	0.997
0.001	0.001	0.997	0.001
0.098	0.001	0.001	0.900
0.001	0.001	0.001	0.997
0.001	0.001	0.001	0.997
0.001	0.997	0.001	0.001
0.997	0.001	0.001	0.001
0.997	0.001	0.001	0.001
>CCCTGACC	20-CCCTGACC	8.236954	-61.960526	0	T:86.0(6.28%),B:723.9(1.51%),P:1e-26	Tpos:110.9,Tstd:53.8,Bpos:99.0,Bstd:60.5,StrandBias:0.1,Multiplicity:1.13
0.100	0.700	0.100	0.100
0.100	0.700	0.100	0.100
0.100	0.700	0.100	0.100
0.100	0.100	0.100	0.700
0.100	0.100	0.700	0.100
0.700	0.100	0.100	0.100
0.100	0.700	0.100	0.100
0.100	0.700	0.100	0.100
>ATTGGACT	21-ATTGGACT	6.143916	-59.680135	0	T:113.0(8.25%),B:1228.2(2.56%),P:1e-25	Tpos:97.3,Tstd:51.2,Bpos:98.3,Bstd:60.7,StrandBias:0.1,Multiplicity:1.07
0.921	0.077	0.001	0.001
0.001	0.001	0.001	0.997
0.001	0.001	0.001	0.997
0.001	0.223	0.682	0.094
0.001	0.001	0.997	0.001
0.997	0.001	0.001	0.001
0.001	0.997	0.001	0.001
0.001	0.001	0.001	0.997
>CCTCTGTA	22-CCTCTGTA	8.236954	-48.341520	0	T:58.0(4.24%),B:426.8(0.89%),P:1e-20	Tpos:89.2,Tstd:58.0,Bpos:100.8,Bstd:62.1,StrandBias:0.7,Multiplicity:1.00
0.100	0.700	0.100	0.100
0.100	0.700	0.100	0.100
0.100	0.100	0.100	0.700
0.100	0.700	0.100	0.100
0.100	0.100	0.100	0.700
0.100	0.100	0.700	0.100
0.100	0.100	0.100	0.700
0.700	0.100	0.100	0.100
>GCAAGCTG	23-GCAAGCTG	7.704457	-48.326071	0	T:134.0(9.79%),B:1868.2(3.89%),P:1e-20	Tpos:99.6,Tstd:52.7,Bpos:101.4,Bstd:64.6,StrandBias:-0.1,Multiplicity:1.11
0.001	0.001	0.897	0.101
0.001	0.997	0.001	0.001
0.815	0.183	0.001	0.001
0.997	0.001	0.001	0.001
0.001	0.001	0.997	0.001
0.001	0.997	0.001	0.001
0.001	0.001	0.001	0.997
0.047	0.001	0.951	0.001
>TAACCCTA	24-TAACCCTA	8.236954	-0.676655	0	T:3.0(0.22%),B:95.3(0.20%),P:1e0	Tpos:110.3,Tstd:49.5,Bpos:95.1,Bstd:54.7,StrandBias:0.4,Multiplicity:25.00
0.100	0.100	0.100	0.700
0.700	0.100	0.100	0.100
0.700	0.100	0.100	0.100
0.100	0.700	0.100	0.100
0.100	0.700	0.100	0.100
0.100	0.700	0.100	0.100
0.100	0.100	0.100	0.700
0.700	0.100	0.100	0.100
>GAGAGAGA	25-GAGAGAGA	8.112811	-0.241653	0	T:44.0(3.21%),B:1719.9(3.58%),P:1e0	Tpos:99.8,Tstd:44.5,Bpos:104.8,Bstd:68.3,StrandBias:0.6,Multiplicity:1.50
0.001	0.001	0.997	0.001
0.997	0.001	0.001	0.001
0.001	0.001	0.997	0.001
0.997	0.001	0.001	0.001
0.001	0.001	0.997	0.001
0.946	0.052	0.001	0.001
0.001	0.001	0.997	0.001
0.997	0.001	0.001	0.001
