>AAATTTCC	1-AAATTTCC	6.938469	-196.383041	0	T:287.0(20.96%),B:2616.0(5.45%),P:1e-85	Tpos:102.4,Tstd:52.5,Bpos:99.8,Bstd:61.5,StrandBias:-0.2,Multiplicity:1.26
0.989	0.001	0.009	0.001
0.685	0.001	0.018	0.296
0.955	0.001	0.012	0.032
0.001	0.019	0.008	0.972
0.308	0.001	0.088	0.603
0.089	0.001	0.001	0.909
0.001	0.931	0.048	0.020
0.001	0.951	0.001	0.047
>TTCTCAGA	2-TTCTCAGA	8.095888	-193.946266	0	T:284.0(20.75%),B:2590.6(5.39%),P:1e-84	Tpos:102.4,Tstd:51.6,Bpos:101.4,Bstd:64.6,StrandBias:0.1,Multiplicity:1.07
0.080	0.001	0.001	0.918
0.001	0.001	0.001	0.997
0.001	0.997	0.001	0.001
0.001	0.001	0.001	0.997
0.001	0.709	0.289	0.001
0.997	0.001	0.001	0.001
0.001	0.102	0.896	0.001
0.997	0.001	0.001	0.001
>AGAGCAGT	3-AGAGCAGT	8.746535	-165.455150	0	T:144.0(10.52%),B:724.8(1.51%),P:1e-71	Tpos:98.9,Tstd:52.0,Bpos:101.6,Bstd:67.6,StrandBias:0.5,Multiplicity:1.02
0.997	0.001	0.001	0.001
0.001	0.001	0.997	0.001
0.900	0.098	0.001	0.001
0.001	0.001	0.997	0.001
0.001	0.997	0.001	0.001
0.997	0.001	0.001	0.001
0.001	0.001	0.997	0.001
0.001	0.001	0.001	0.997
>AGGCCTCH	4-AGGCCTCH	9.101349	-150.048862	0	T:212.0(15.49%),B:1839.8(3.83%),P:1e-65	Tpos:100.5,Tstd:53.3,Bpos:98.2,Bstd:64.4,StrandBias:-0.4,Multiplicity:1.02
0.997	0.001	0.001	0.001
0.001	0.001	0.997	0.001
0.056	0.001	0.785	0.158
0.001	0.997	0.001	0.001
0.001	0.893	0.050	0.056
0.045	0.001	0.112	0.842
0.218	0.731	0.001	0.050
0.410	0.320	0.001	0.269
>GTCCGACA	5-GTCCGACA	6.328489	-140.763871	0	T:298.0(21.77%),B:3614.6(7.52%),P:1e-61	Tpos:98.0,Tstd:48.8,Bpos:99.8,Bstd:60.9,StrandBias:0.1,Multiplicity:1.11
0.015	0.048	0.869	0.068
0.041	0.220	0.031	0.708
0.009	0.918	0.035	0.038
0.116	0.659	0.015	0.210
0.073	0.197	0.679	0.051
0.576	0.273	0.074	0.077
0.075	0.770	0.033	0.122
0.825	0.012	0.045	0.118
>TTCAAMTC	6-TTCAAMTC	8.351695	-126.846574	0	T:165.0(12.05%),B:1312.4(2.73%),P:1e-55	Tpos:98.6,Tstd:48.0,Bpos:99.0,Bstd:64.5,StrandBias:0.1,Multiplicity:1.38
0.001	0.001	0.001	0.997
0.080	0.001	0.047	0.872
0.036	0.588	0.142	0.234
0.902	0.001	0.058	0.039
0.836	0.001	0.100	0.063
0.392	0.320	0.195	0.093
0.296	0.001	0.127	0.576
0.088	0.910	0.001	0.001
>TTATGTGA	7-TTATGTGA	8.655782	-121.680235	0	T:79.0(5.77%),B:255.7(0.53%),P:1e-52	Tpos:100.8,Tstd:52.5,Bpos:106.7,Bstd:64.1,StrandBias:-0.8,Multiplicity:1.06
0.001	0.343	0.001	0.655
0.001	0.157	0.315	0.527
0.655	0.001	0.001	0.343
0.001	0.014	0.159	0.826
0.001	0.003	0.995	0.001
0.158	0.015	0.004	0.823
0.159	0.001	0.839	0.001
0.683	0.001	0.001	0.315
>TTGYAGAT	8-TTGYAGAT	8.542728	-120.774788	0	T:102.0(7.45%),B:490.3(1.02%),P:1e-52	Tpos:104.2,Tstd:61.0,Bpos:103.2,Bstd:63.3,StrandBias:-0.1,Multiplicity:1.08
0.001	0.160	0.125	0.714
0.001	0.062	0.093	0.844
0.001	0.163	0.835	0.001
0.125	0.443	0.001	0.431
0.884	0.061	0.001	0.054
0.001	0.062	0.936	0.001
0.847	0.052	0.100	0.001
0.338	0.160	0.001	0.501
>CTTTTTGT	9-CTTTTTGT	9.204992	-102.696426	0	T:163.0(11.91%),B:1549.8(3.23%),P:1e-44	Tpos:96.6,Tstd:54.3,Bpos:101.0,Bstd:62.8,StrandBias:0.2,Multiplicity:1.04
0.001	0.997	0.001	0.001
0.001	0.155	0.001	0.843
0.001	0.001	0.001	0.997
0.001	0.001	0.001	0.997
0.001	0.001	0.001	0.997
0.001	0.001	0.001	0.997
0.001	0.001	0.997	0.001
0.001	0.001	0.001	0.997
>GKTCGAGC	10-GKTCGAGC	6.841864	-100.663217	0	T:266.0(19.43%),B:3674.3(7.65%),P:1e-43	Tpos:103.5,Tstd:53.7,Bpos:99.5,Bstd:62.4,StrandBias:-0.1,Multiplicity:1.35
0.133	0.001	0.572	0.294
0.001	0.001	0.438	0.560
0.001	0.001	0.001	0.997
0.017	0.581	0.401	0.001
0.001	0.001	0.997	0.001
0.997	0.001	0.001	0.001
0.280	0.001	0.678	0.041
0.001	0.997	0.001	0.001
>TAGACAGA	11-TAGACAGA	7.357821	-91.848325	0	T:167.0(12.20%),B:1769.6(3.68%),P:1e-39	Tpos:101.9,Tstd:51.4,Bpos:98.8,Bstd:63.8,StrandBias:0.2,Multiplicity:1.13
0.001	0.001	0.001	0.997
0.968	0.030	0.001	0.001
0.001	0.119	0.879	0.001
0.925	0.001	0.073	0.001
0.001	0.997	0.001	0.001
0.993	0.005	0.001	0.001
0.001	0.001	0.997	0.001
0.997	0.001	0.001	0.001
>YTTKTGAT	12-YTTKTGAT	8.365098	-88.029101	0	T:192.0(14.02%),B:2323.1(4.84%),P:1e-38	Tpos:100.5,Tstd:55.0,Bpos:101.5,Bstd:62.0,StrandBias:0.4,Multiplicity:1.34
0.001	0.554	0.001	0.444
0.012	0.044	0.001	0.943
0.001	0.043	0.001	0.955
0.093	0.001	0.430	0.476
0.001	0.012	0.001	0.986
0.284	0.001	0.714	0.001
0.997	0.001	0.001	0.001
0.285	0.079	0.093	0.543
>TGGKGGAA	13-TGGKGGAA	6.864845	-87.948893	0	T:371.0(27.10%),B:6578.8(13.69%),P:1e-38	Tpos:101.8,Tstd:50.6,Bpos:100.2,Bstd:59.6,StrandBias:0.1,Multiplicity:1.13
0.001	0.152	0.001	0.846
0.060	0.043	0.896	0.001
0.001	0.039	0.876	0.084
0.001	0.100	0.424	0.474
0.308	0.057	0.575	0.060
0.068	0.001	0.930	0.001
0.737	0.227	0.035	0.001
0.673	0.001	0.106	0.220
>GCAGWCTG	14-GCAGWCTG	5.437359	-84.379593	0	T:219.0(16.00%),B:2967.5(6.18%),P:1e-36	Tpos:107.0,Tstd:55.3,Bpos:101.0,Bstd:65.4,StrandBias:0.1,Multiplicity:1.23
0.285	0.001	0.584	0.130
0.001	0.996	0.001	0.002
0.997	0.001	0.001	0.001
0.001	0.001	0.997	0.001
0.448	0.001	0.001	0.550
0.001	0.997	0.001	0.001
0.001	0.028	0.001	0.970
0.001	0.001	0.984	0.014
>GCCGCTTT	15-GCCGCTTT	8.507247	-81.484341	0	T:152.0(11.10%),B:1638.4(3.41%),P:1e-35	Tpos:101.9,Tstd:54.2,Bpos:99.0,Bstd:63.8,StrandBias:0.2,Multiplicity:1.06
0.001	0.176	0.803	0.020
0.001	0.997	0.001	0.001
0.024	0.736	0.001	0.239
0.025	0.198	0.776	0.001
0.001	0.818	0.001	0.180
0.001	0.067	0.005	0.927
0.001	0.001	0.001	0.997
0.001	0.001	0.001	0.997
>TAGGTAAA	16-TAGGTAAA	4.190239	-80.993540	0	T:75.0(5.48%),B:407.6(0.85%),P:1e-35	Tpos:101.7,Tstd:53.1,Bpos:100.0,Bstd:56.1,StrandBias:-0.1,Multiplicity:1.00
0.001	0.001	0.001	0.997
0.979	0.019	0.001	0.001
0.001	0.001	0.997	0.001
0.001	0.001	0.997	0.001
0.001	0.001	0.001	0.997
0.997	0.001	0.001	0.001
0.997	0.001	0.001	0.001
0.944	0.054	0.001	0.001
>KACACCTC	17-KACACCTC	8.206570	-73.203628	0	T:168.0(12.27%),B:2094.3(4.36%),P:1e-31	Tpos:97.2,Tstd:50.7,Bpos:99.9,Bstd:59.8,StrandBias:0.2,Multiplicity:1.07
0.001	0.146	0.497	0.356
0.997	0.001	0.001	0.001
0.390	0.608	0.001	0.001
0.997	0.001	0.001	0.001
0.001	0.997	0.001	0.001
0.001	0.997	0.001	0.001
0.001	0.001	0.001	0.997
0.001	0.997	0.001	0.001
>CTSCTCAA	18-CTSCTCAA	7.536023	-72.547257	0	T:155.0(11.32%),B:1840.7(3.83%),P:1e-31	Tpos:98.0,Tstd:58.2,Bpos:99.1,Bstd:63.6,StrandBias:-0.0,Multiplicity:1.06
0.010	0.988	0.001	0.001
0.283	0.008	0.050	0.659
0.071	0.527	0.392	0.010
0.076	0.838	0.085	0.001
0.106	0.138	0.110	0.646
0.185	0.727	0.079	0.009
0.795	0.138	0.011	0.056
0.834	0.001	0.164	0.001
>TGTTTCAA	19-TGTTTCAA	8.746535	-62.819512	0	T:96.0(7.01%),B:879.3(1.83%),P:1e-27	Tpos:100.9,Tstd:55.8,Bpos:102.9,Bstd:62.7,StrandBias:-0.7,Multiplicity:1.06
0.001	0.001	0.001	0.997
0.001	0.001	0.997	0.001
0.098	0.001	0.001	0.900
0.001	0.001	0.001	0.997
0.001	0.001	0.001	0.997
0.001	0.997	0.001	0.001
0.997	0.001	0.001	0.001
0.997	0.001	0.001	0.001
>CCCTGACC	20-CCCTGACC	8.236954	-61.960526	0	T:86.0(6.28%),B:723.9(1.51%),P:1e-26	Tpos:110.9,Tstd:53.8,Bpos:99.0,Bstd:60.5,StrandBias:0.1,Multiplicity:1.13
0.100	0.700	0.100	0.100
0.100	0.700	0.100	0.100
0.100	0.700	0.100	0.100
0.100	0.100	0.100	0.700
0.100	0.100	0.700	0.100
0.700	0.100	0.100	0.100
0.100	0.700	0.100	0.100
0.100	0.700	0.100	0.100
>ATTGGACT	21-ATTGGACT	6.143916	-59.680135	0	T:113.0(8.25%),B:1228.2(2.56%),P:1e-25	Tpos:97.3,Tstd:51.2,Bpos:98.3,Bstd:60.7,StrandBias:0.1,Multiplicity:1.07
0.921	0.077	0.001	0.001
0.001	0.001	0.001	0.997
0.001	0.001	0.001	0.997
0.001	0.223	0.682	0.094
0.001	0.001	0.997	0.001
0.997	0.001	0.001	0.001
0.001	0.997	0.001	0.001
0.001	0.001	0.001	0.997
>CCTCTGTA	22-CCTCTGTA	8.236954	-48.341520	0	T:58.0(4.24%),B:426.8(0.89%),P:1e-20	Tpos:89.2,Tstd:58.0,Bpos:100.8,Bstd:62.1,StrandBias:0.7,Multiplicity:1.00
0.100	0.700	0.100	0.100
0.100	0.700	0.100	0.100
0.100	0.100	0.100	0.700
0.100	0.700	0.100	0.100
0.100	0.100	0.100	0.700
0.100	0.100	0.700	0.100
0.100	0.100	0.100	0.700
0.700	0.100	0.100	0.100
>GCAAGCTG	23-GCAAGCTG	7.704457	-48.326071	0	T:134.0(9.79%),B:1868.2(3.89%),P:1e-20	Tpos:99.6,Tstd:52.7,Bpos:101.4,Bstd:64.6,StrandBias:-0.1,Multiplicity:1.11
0.001	0.001	0.897	0.101
0.001	0.997	0.001	0.001
0.815	0.183	0.001	0.001
0.997	0.001	0.001	0.001
0.001	0.001	0.997	0.001
0.001	0.997	0.001	0.001
0.001	0.001	0.001	0.997
0.047	0.001	0.951	0.001
>TAACCCTA	24-TAACCCTA	8.236954	-0.676655	0	T:3.0(0.22%),B:95.3(0.20%),P:1e0	Tpos:110.3,Tstd:49.5,Bpos:95.1,Bstd:54.7,StrandBias:0.4,Multiplicity:25.00
0.100	0.100	0.100	0.700
0.700	0.100	0.100	0.100
0.700	0.100	0.100	0.100
0.100	0.700	0.100	0.100
0.100	0.700	0.100	0.100
0.100	0.700	0.100	0.100
0.100	0.100	0.100	0.700
0.700	0.100	0.100	0.100
>GAGAGAGA	25-GAGAGAGA	8.112811	-0.241653	0	T:44.0(3.21%),B:1719.9(3.58%),P:1e0	Tpos:99.8,Tstd:44.5,Bpos:104.8,Bstd:68.3,StrandBias:0.6,Multiplicity:1.50
0.001	0.001	0.997	0.001
0.997	0.001	0.001	0.001
0.001	0.001	0.997	0.001
0.997	0.001	0.001	0.001
0.001	0.001	0.997	0.001
0.946	0.052	0.001	0.001
0.001	0.001	0.997	0.001
0.997	0.001	0.001	0.001
