>TTGAGATGTG	1-TTGAGATGTG	9.191194	-301.389989	0	T:252.0(18.41%),B:1235.1(2.57%),P:1e-130	Tpos:103.7,Tstd:53.8,Bpos:97.4,Bstd:66.2,StrandBias:-0.0,Multiplicity:1.05
0.178	0.001	0.101	0.720
0.029	0.012	0.265	0.694
0.096	0.032	0.858	0.014
0.874	0.009	0.020	0.097
0.021	0.028	0.919	0.032
0.619	0.192	0.100	0.089
0.003	0.038	0.022	0.937
0.040	0.248	0.498	0.214
0.020	0.030	0.001	0.949
0.011	0.027	0.933	0.029
>GAAGCATTCT	2-GAAGCATTCT	10.581780	-242.578482	0	T:145.0(10.59%),B:408.3(0.85%),P:1e-105	Tpos:95.8,Tstd:49.5,Bpos:95.3,Bstd:70.0,StrandBias:0.3,Multiplicity:1.10
0.001	0.001	0.997	0.001
0.997	0.001	0.001	0.001
0.788	0.001	0.210	0.001
0.255	0.001	0.743	0.001
0.001	0.997	0.001	0.001
0.997	0.001	0.001	0.001
0.001	0.166	0.246	0.587
0.001	0.001	0.001	0.997
0.001	0.997	0.001	0.001
0.001	0.001	0.001	0.997
>SGTTCAACTC	3-SGTTCAACTC	7.361157	-225.679439	0	T:281.0(20.53%),B:2203.8(4.59%),P:1e-98	Tpos:100.9,Tstd:48.7,Bpos:99.7,Bstd:62.5,StrandBias:-0.0,Multiplicity:1.36
0.001	0.435	0.410	0.154
0.279	0.001	0.684	0.036
0.055	0.038	0.001	0.906
0.001	0.039	0.001	0.959
0.036	0.728	0.065	0.171
0.909	0.041	0.025	0.025
0.704	0.001	0.040	0.255
0.001	0.801	0.170	0.028
0.033	0.011	0.001	0.955
0.054	0.923	0.010	0.013
>GAATCTACAA	4-GAATCTACAA	9.107051	-212.765558	0	T:135.0(9.86%),B:421.0(0.88%),P:1e-92	Tpos:101.4,Tstd:53.1,Bpos:102.6,Bstd:63.7,StrandBias:-0.3,Multiplicity:1.36
0.056	0.041	0.861	0.042
0.688	0.001	0.207	0.104
0.582	0.056	0.106	0.256
0.073	0.001	0.074	0.852
0.001	0.825	0.006	0.168
0.016	0.010	0.013	0.961
0.687	0.050	0.262	0.001
0.001	0.968	0.030	0.001
0.739	0.227	0.013	0.021
0.839	0.001	0.147	0.013
>AAACTTCTTT	5-AAACTTCTTT	8.937620	-192.841127	0	T:205.0(14.97%),B:1333.5(2.78%),P:1e-83	Tpos:106.3,Tstd:47.1,Bpos:100.2,Bstd:62.9,StrandBias:0.2,Multiplicity:1.16
0.924	0.035	0.018	0.023
0.906	0.029	0.007	0.058
0.844	0.069	0.006	0.081
0.032	0.906	0.008	0.054
0.021	0.073	0.012	0.894
0.114	0.121	0.201	0.564
0.018	0.813	0.076	0.093
0.018	0.154	0.030	0.798
0.074	0.169	0.197	0.560
0.014	0.176	0.015	0.795
>AAAACTAGAC	6-AAAACTAGAC	8.634536	-167.110737	0	T:131.0(9.57%),B:569.7(1.19%),P:1e-72	Tpos:99.7,Tstd:51.5,Bpos:95.5,Bstd:63.3,StrandBias:0.2,Multiplicity:1.08
0.886	0.067	0.001	0.046
0.946	0.001	0.001	0.052
0.684	0.053	0.145	0.118
0.859	0.046	0.094	0.001
0.001	0.997	0.001	0.001
0.001	0.002	0.077	0.920
0.836	0.089	0.058	0.017
0.001	0.133	0.865	0.001
0.929	0.001	0.069	0.001
0.001	0.936	0.001	0.062
>ATAGGCCTCA	7-ATAGGCCTCA	6.918634	-162.952347	0	T:304.0(22.21%),B:3381.1(7.04%),P:1e-70	Tpos:97.6,Tstd:52.5,Bpos:98.3,Bstd:63.5,StrandBias:-0.2,Multiplicity:1.19
0.591	0.019	0.324	0.066
0.287	0.173	0.063	0.477
0.803	0.110	0.066	0.021
0.086	0.111	0.726	0.077
0.101	0.121	0.758	0.020
0.079	0.845	0.034	0.042
0.143	0.709	0.009	0.139
0.084	0.210	0.175	0.531
0.031	0.822	0.100	0.047
0.740	0.162	0.029	0.069
>TGGAAAWGBG	8-TGGAAAWGBG	6.317455	-146.610317	0	T:374.0(27.32%),B:5189.9(10.80%),P:1e-63	Tpos:99.0,Tstd:52.6,Bpos:99.3,Bstd:60.8,StrandBias:-0.0,Multiplicity:1.29
0.052	0.310	0.024	0.614
0.323	0.033	0.557	0.087
0.160	0.011	0.775	0.054
0.691	0.118	0.180	0.011
0.860	0.020	0.072	0.048
0.709	0.245	0.003	0.043
0.472	0.118	0.036	0.374
0.045	0.272	0.447	0.236
0.058	0.397	0.269	0.276
0.226	0.089	0.584	0.101
>CCCTGACCCC	9-CCCTGACCCC	12.507877	-141.770205	0	T:109.0(7.96%),B:459.5(0.96%),P:1e-61	Tpos:106.1,Tstd:54.5,Bpos:95.7,Bstd:63.6,StrandBias:0.1,Multiplicity:1.15
0.001	0.997	0.001	0.001
0.001	0.997	0.001	0.001
0.001	0.997	0.001	0.001
0.001	0.001	0.001	0.997
0.001	0.001	0.997	0.001
0.733	0.265	0.001	0.001
0.001	0.997	0.001	0.001
0.001	0.997	0.001	0.001
0.001	0.997	0.001	0.001
0.001	0.997	0.001	0.001
>AAATCTCCTC	10-AAATCTCCTC	7.651248	-121.051274	0	T:215.0(15.70%),B:2257.3(4.70%),P:1e-52	Tpos:103.9,Tstd:52.7,Bpos:101.3,Bstd:64.3,StrandBias:-0.0,Multiplicity:2.13
0.828	0.079	0.046	0.047
0.612	0.001	0.003	0.384
0.872	0.067	0.039	0.022
0.201	0.147	0.016	0.636
0.135	0.567	0.012	0.286
0.042	0.015	0.004	0.939
0.023	0.513	0.213	0.251
0.034	0.681	0.034	0.251
0.223	0.086	0.092	0.599
0.009	0.730	0.019	0.242
>GTGGGCTCCC	11-GTGGGCTCCC	8.320640	-120.574876	0	T:134.0(9.79%),B:902.9(1.88%),P:1e-52	Tpos:98.0,Tstd:50.8,Bpos:99.6,Bstd:66.5,StrandBias:-0.3,Multiplicity:1.32
0.228	0.001	0.770	0.001
0.001	0.363	0.067	0.569
0.001	0.083	0.915	0.001
0.001	0.046	0.952	0.001
0.028	0.114	0.770	0.088
0.277	0.572	0.061	0.090
0.060	0.172	0.245	0.523
0.063	0.605	0.247	0.085
0.001	0.830	0.168	0.001
0.236	0.564	0.091	0.109
>ATCAHAAGRW	12-ATCAHAAGRW	7.764650	-114.936855	0	T:231.0(16.87%),B:2663.6(5.54%),P:1e-49	Tpos:104.8,Tstd:55.7,Bpos:102.4,Bstd:56.5,StrandBias:-0.1,Multiplicity:1.04
0.562	0.020	0.410	0.008
0.007	0.007	0.001	0.985
0.009	0.850	0.140	0.001
0.934	0.027	0.019	0.020
0.356	0.317	0.012	0.315
0.566	0.083	0.288	0.063
0.828	0.027	0.084	0.061
0.008	0.070	0.905	0.017
0.458	0.066	0.392	0.085
0.513	0.102	0.001	0.384
>TACTGGGGGR	13-TACTGGGGGR	9.348545	-112.134624	0	T:151.0(11.03%),B:1238.3(2.58%),P:1e-48	Tpos:103.4,Tstd:55.0,Bpos:101.2,Bstd:64.4,StrandBias:-0.2,Multiplicity:1.36
0.291	0.001	0.001	0.707
0.572	0.215	0.150	0.063
0.008	0.990	0.001	0.001
0.001	0.001	0.001	0.997
0.001	0.001	0.997	0.001
0.001	0.001	0.997	0.001
0.001	0.001	0.997	0.001
0.387	0.001	0.611	0.001
0.001	0.181	0.752	0.066
0.547	0.001	0.428	0.024
>CTCTTTTCGG	14-CTCTTTTCGG	7.480316	-108.877910	0	T:83.0(6.06%),B:345.6(0.72%),P:1e-47	Tpos:99.2,Tstd:53.0,Bpos:103.8,Bstd:64.0,StrandBias:-0.1,Multiplicity:1.02
0.001	0.997	0.001	0.001
0.001	0.182	0.020	0.797
0.001	0.997	0.001	0.001
0.001	0.001	0.001	0.997
0.001	0.233	0.001	0.765
0.001	0.001	0.001	0.997
0.020	0.001	0.001	0.978
0.001	0.997	0.001	0.001
0.050	0.001	0.948	0.001
0.189	0.001	0.809	0.001
>TCAWBTGGGK	15-TCAWBTGGGK	7.360159	-106.164996	0	T:172.0(12.56%),B:1665.8(3.47%),P:1e-46	Tpos:100.6,Tstd:54.2,Bpos:99.9,Bstd:60.4,StrandBias:0.4,Multiplicity:1.05
0.028	0.001	0.058	0.913
0.001	0.762	0.119	0.118
0.675	0.236	0.062	0.027
0.453	0.219	0.017	0.311
0.148	0.224	0.368	0.260
0.106	0.001	0.371	0.522
0.074	0.001	0.795	0.130
0.007	0.032	0.960	0.001
0.280	0.001	0.612	0.107
0.001	0.189	0.404	0.406
>GRYAAAGAAA	16-GRYAAAGAAA	8.408041	-100.688899	0	T:109.0(7.96%),B:711.5(1.48%),P:1e-43	Tpos:98.0,Tstd:49.9,Bpos:100.6,Bstd:62.2,StrandBias:0.3,Multiplicity:1.13
0.001	0.001	0.800	0.198
0.331	0.076	0.468	0.125
0.033	0.547	0.001	0.419
0.629	0.066	0.191	0.114
0.824	0.104	0.001	0.071
0.879	0.001	0.119	0.001
0.001	0.377	0.597	0.025
0.669	0.009	0.305	0.017
0.667	0.078	0.203	0.052
0.644	0.169	0.125	0.062
>TGTCAGACAG	17-TGTCAGACAG	9.783587	-93.449922	0	T:69.0(5.04%),B:274.0(0.57%),P:1e-40	Tpos:105.1,Tstd:50.2,Bpos:101.8,Bstd:65.2,StrandBias:-0.9,Multiplicity:1.00
0.159	0.001	0.001	0.839
0.001	0.011	0.987	0.001
0.014	0.001	0.001	0.984
0.001	0.990	0.008	0.001
0.973	0.001	0.001	0.025
0.007	0.001	0.966	0.026
0.854	0.001	0.001	0.144
0.001	0.861	0.100	0.038
0.971	0.021	0.007	0.001
0.020	0.001	0.978	0.001
>AACACTCTTT	18-AACACTCTTT	9.132311	-92.778895	0	T:69.0(5.04%),B:277.4(0.58%),P:1e-40	Tpos:101.1,Tstd:57.0,Bpos:99.4,Bstd:60.0,StrandBias:0.8,Multiplicity:1.12
0.997	0.001	0.001	0.001
0.997	0.001	0.001	0.001
0.001	0.978	0.001	0.020
0.997	0.001	0.001	0.001
0.021	0.977	0.001	0.001
0.126	0.001	0.001	0.872
0.001	0.997	0.001	0.001
0.001	0.021	0.001	0.977
0.011	0.052	0.001	0.936
0.001	0.001	0.001	0.997
>GATTCCTCCT	19-GATTCCTCCT	10.160848	-78.493699	0	T:36.0(2.63%),B:60.7(0.13%),P:1e-34	Tpos:92.3,Tstd:46.4,Bpos:84.0,Bstd:67.0,StrandBias:-0.2,Multiplicity:1.00
0.001	0.001	0.997	0.001
0.997	0.001	0.001	0.001
0.001	0.001	0.001	0.997
0.001	0.001	0.001	0.997
0.001	0.997	0.001	0.001
0.001	0.997	0.001	0.001
0.001	0.001	0.026	0.972
0.001	0.997	0.001	0.001
0.001	0.972	0.026	0.001
0.001	0.001	0.001	0.997
>CAGACGGCAC	20-CAGACGGCAC	8.664079	-77.416075	0	T:45.0(3.29%),B:121.7(0.25%),P:1e-33	Tpos:86.5,Tstd:41.9,Bpos:100.7,Bstd:55.6,StrandBias:0.2,Multiplicity:1.00
0.001	0.997	0.001	0.001
0.997	0.001	0.001	0.001
0.001	0.001	0.997	0.001
0.997	0.001	0.001	0.001
0.001	0.849	0.001	0.149
0.103	0.001	0.895	0.001
0.025	0.001	0.973	0.001
0.002	0.953	0.044	0.001
0.982	0.001	0.001	0.016
0.001	0.997	0.001	0.001
>CAGTTKGAGC	21-CAGTTKGAGC	11.739694	-71.958967	0	T:45.0(3.29%),B:138.5(0.29%),P:1e-31	Tpos:99.8,Tstd:47.8,Bpos:94.1,Bstd:73.3,StrandBias:-0.2,Multiplicity:1.00
0.001	0.940	0.058	0.001
0.997	0.001	0.001	0.001
0.001	0.001	0.991	0.007
0.121	0.001	0.001	0.877
0.001	0.004	0.001	0.994
0.069	0.195	0.370	0.365
0.001	0.013	0.985	0.001
0.997	0.001	0.001	0.001
0.001	0.001	0.774	0.224
0.001	0.997	0.001	0.001
>ATCAGACTGC	22-ATCAGACTGC	7.458706	-70.339701	0	T:86.0(6.28%),B:639.5(1.33%),P:1e-30	Tpos:99.3,Tstd:52.9,Bpos:102.5,Bstd:66.1,StrandBias:0.3,Multiplicity:1.35
0.510	0.168	0.237	0.085
0.114	0.001	0.242	0.643
0.158	0.652	0.036	0.154
0.710	0.002	0.094	0.194
0.204	0.179	0.542	0.075
0.418	0.132	0.245	0.205
0.095	0.771	0.068	0.066
0.236	0.042	0.165	0.557
0.003	0.158	0.800	0.039
0.106	0.709	0.096	0.089
>TAACCCTAAC	23-TAACCCTAAC	10.296193	-9.235818	0	T:3.0(0.22%),B:3.5(0.01%),P:1e-4	Tpos:109.1,Tstd:49.3,Bpos:100.6,Bstd:31.5,StrandBias:0.4,Multiplicity:24.33
0.100	0.100	0.100	0.700
0.700	0.100	0.100	0.100
0.700	0.100	0.100	0.100
0.100	0.700	0.100	0.100
0.100	0.700	0.100	0.100
0.100	0.700	0.100	0.100
0.100	0.100	0.100	0.700
0.700	0.100	0.100	0.100
0.700	0.100	0.100	0.100
0.100	0.700	0.100	0.100
>TTCTATTCTA	24-TTCTATTCTA	8.350283	-4.272214	0	T:29.0(2.12%),B:650.2(1.35%),P:1e-1	Tpos:86.1,Tstd:44.7,Bpos:100.2,Bstd:57.8,StrandBias:-1.0,Multiplicity:1.71
0.100	0.100	0.100	0.700
0.100	0.100	0.100	0.700
0.100	0.700	0.100	0.100
0.100	0.100	0.100	0.700
0.700	0.100	0.100	0.100
0.100	0.100	0.100	0.700
0.100	0.100	0.100	0.700
0.100	0.700	0.100	0.100
0.100	0.100	0.100	0.700
0.700	0.100	0.100	0.100
>GAGAGAGAGA	25-GAGAGAGAGA	13.545611	-0.141786	0	T:11.0(0.80%),B:516.6(1.08%),P:1e0	Tpos:100.9,Tstd:41.8,Bpos:106.2,Bstd:69.6,StrandBias:0.6,Multiplicity:2.82
0.001	0.037	0.961	0.001
0.997	0.001	0.001	0.001
0.001	0.070	0.928	0.001
0.997	0.001	0.001	0.001
0.001	0.062	0.936	0.001
0.997	0.001	0.001	0.001
0.001	0.051	0.947	0.001
0.997	0.001	0.001	0.001
0.001	0.063	0.935	0.001
0.997	0.001	0.001	0.001
