>TATCTTCACATA	1-TATCTTCACATA	9.858904	-296.998726	0	T:114.0(8.33%),B:120.5(0.25%),P:1e-128	Tpos:100.5,Tstd:51.8,Bpos:96.1,Bstd:69.5,StrandBias:0.8,Multiplicity:1.10
0.032	0.001	0.001	0.966
0.979	0.001	0.011	0.009
0.011	0.011	0.001	0.977
0.011	0.967	0.011	0.011
0.011	0.020	0.001	0.968
0.009	0.011	0.001	0.979
0.010	0.988	0.001	0.001
0.921	0.039	0.001	0.039
0.029	0.934	0.001	0.036
0.971	0.011	0.009	0.009
0.039	0.001	0.011	0.949
0.988	0.001	0.001	0.010
>TAGAGCAGTTTT	2-TAGAGCAGTTTT	10.959668	-288.925137	0	T:113.0(8.25%),B:125.2(0.26%),P:1e-125	Tpos:103.2,Tstd:52.3,Bpos:100.9,Bstd:64.7,StrandBias:0.4,Multiplicity:1.08
0.012	0.092	0.057	0.839
0.874	0.001	0.001	0.124
0.008	0.043	0.948	0.001
0.987	0.001	0.001	0.011
0.001	0.001	0.997	0.001
0.001	0.997	0.001	0.001
0.987	0.001	0.011	0.001
0.011	0.008	0.980	0.001
0.022	0.001	0.011	0.966
0.008	0.001	0.008	0.983
0.001	0.001	0.001	0.997
0.001	0.011	0.121	0.867
>TCCMCTYGCAGA	3-TCCMCTYGCAGA	8.309753	-251.866735	0	T:263.0(19.21%),B:1703.8(3.55%),P:1e-109	Tpos:101.6,Tstd:52.9,Bpos:100.4,Bstd:62.1,StrandBias:0.2,Multiplicity:1.27
0.080	0.109	0.087	0.724
0.065	0.726	0.162	0.047
0.247	0.724	0.015	0.014
0.457	0.339	0.074	0.130
0.073	0.666	0.063	0.198
0.108	0.120	0.016	0.756
0.119	0.377	0.210	0.294
0.192	0.179	0.409	0.220
0.009	0.862	0.093	0.036
0.887	0.026	0.028	0.059
0.044	0.039	0.894	0.023
0.610	0.212	0.164	0.014
>AGCTTTCTGAGR	4-AGCTTTCTGAGR	9.773703	-242.777205	0	T:168.0(12.27%),B:609.1(1.27%),P:1e-105	Tpos:100.7,Tstd:47.8,Bpos:101.1,Bstd:67.5,StrandBias:0.1,Multiplicity:1.03
0.763	0.001	0.013	0.223
0.312	0.149	0.528	0.011
0.110	0.541	0.194	0.155
0.285	0.071	0.001	0.643
0.076	0.160	0.034	0.730
0.001	0.347	0.001	0.651
0.047	0.764	0.119	0.070
0.255	0.111	0.026	0.608
0.013	0.354	0.599	0.034
0.965	0.001	0.033	0.001
0.040	0.001	0.924	0.035
0.506	0.013	0.480	0.001
>TTKGAGSGCTTT	5-TTKGAGSGCTTT	10.262035	-223.309900	0	T:119.0(8.69%),B:268.6(0.56%),P:1e-96	Tpos:99.9,Tstd:54.3,Bpos:98.6,Bstd:68.3,StrandBias:0.4,Multiplicity:1.45
0.001	0.001	0.001	0.997
0.001	0.001	0.001	0.997
0.046	0.001	0.487	0.465
0.045	0.001	0.917	0.037
0.873	0.001	0.090	0.036
0.001	0.001	0.954	0.044
0.087	0.322	0.371	0.220
0.072	0.325	0.535	0.068
0.049	0.905	0.045	0.001
0.001	0.001	0.001	0.997
0.045	0.045	0.091	0.819
0.001	0.001	0.001	0.997
>AAAAGARAGTTT	6-AAAAGARAGTTT	9.463774	-215.249240	0	T:224.0(16.36%),B:1429.3(2.98%),P:1e-93	Tpos:102.9,Tstd:50.6,Bpos:99.7,Bstd:62.8,StrandBias:-0.1,Multiplicity:1.23
0.916	0.020	0.063	0.001
0.966	0.001	0.032	0.001
0.997	0.001	0.001	0.001
0.793	0.001	0.045	0.161
0.025	0.029	0.945	0.001
0.598	0.001	0.386	0.015
0.393	0.095	0.511	0.001
0.515	0.001	0.198	0.286
0.040	0.001	0.607	0.352
0.061	0.020	0.291	0.628
0.022	0.094	0.010	0.874
0.206	0.004	0.001	0.789
>GCATWCATCTCA	7-GCATWCATCTCA	10.626228	-192.080386	0	T:126.0(9.20%),B:415.7(0.87%),P:1e-83	Tpos:97.3,Tstd:47.8,Bpos:99.0,Bstd:66.2,StrandBias:0.0,Multiplicity:1.44
0.016	0.009	0.949	0.026
0.001	0.994	0.004	0.001
0.966	0.018	0.009	0.007
0.113	0.273	0.007	0.607
0.455	0.001	0.008	0.536
0.047	0.915	0.007	0.031
0.940	0.001	0.017	0.042
0.378	0.018	0.018	0.586
0.008	0.984	0.007	0.001
0.364	0.013	0.001	0.622
0.001	0.990	0.001	0.008
0.990	0.001	0.001	0.008
>AAACTAGACAGA	8-AAACTAGACAGA	11.312595	-189.824707	0	T:122.0(8.91%),B:388.4(0.81%),P:1e-82	Tpos:103.1,Tstd:48.6,Bpos:98.4,Bstd:65.3,StrandBias:0.5,Multiplicity:1.05
0.983	0.001	0.001	0.015
0.952	0.016	0.016	0.016
0.954	0.016	0.029	0.001
0.010	0.976	0.001	0.013
0.001	0.022	0.016	0.961
0.934	0.016	0.015	0.035
0.011	0.244	0.710	0.035
0.988	0.001	0.010	0.001
0.001	0.970	0.019	0.010
0.957	0.016	0.016	0.011
0.007	0.001	0.991	0.001
0.955	0.016	0.013	0.016
>GCAGACTGAMAY	9-GCAGACTGAMAY	10.395067	-184.858937	0	T:112.0(8.18%),B:321.2(0.67%),P:1e-80	Tpos:98.6,Tstd:53.5,Bpos:98.7,Bstd:63.2,StrandBias:0.1,Multiplicity:1.02
0.231	0.001	0.728	0.040
0.001	0.878	0.120	0.001
0.854	0.001	0.001	0.144
0.001	0.049	0.949	0.001
0.629	0.001	0.001	0.369
0.040	0.928	0.031	0.001
0.049	0.001	0.001	0.949
0.001	0.001	0.775	0.223
0.750	0.050	0.050	0.150
0.364	0.466	0.048	0.121
0.741	0.130	0.128	0.001
0.001	0.438	0.001	0.560
>GTAGAATCTACA	10-GTAGAATCTACA	8.866775	-182.717394	0	T:92.0(6.72%),B:184.3(0.38%),P:1e-79	Tpos:97.3,Tstd:53.5,Bpos:105.3,Bstd:66.5,StrandBias:-0.2,Multiplicity:1.08
0.114	0.046	0.764	0.076
0.193	0.209	0.098	0.500
0.578	0.002	0.176	0.244
0.384	0.017	0.583	0.016
0.695	0.042	0.095	0.168
0.523	0.128	0.204	0.145
0.174	0.132	0.063	0.631
0.042	0.681	0.155	0.122
0.076	0.337	0.009	0.578
0.514	0.050	0.215	0.221
0.062	0.811	0.064	0.063
0.753	0.203	0.002	0.042
>TGGGAGATCCAC	11-TGGGAGATCCAC	10.000492	-174.846245	0	T:107.0(7.82%),B:312.4(0.65%),P:1e-75	Tpos:104.8,Tstd:50.6,Bpos:96.8,Bstd:67.6,StrandBias:-0.1,Multiplicity:1.01
0.055	0.045	0.001	0.899
0.001	0.027	0.889	0.083
0.017	0.111	0.852	0.020
0.083	0.083	0.643	0.191
0.806	0.001	0.148	0.045
0.042	0.083	0.874	0.001
0.807	0.087	0.028	0.078
0.176	0.022	0.001	0.801
0.036	0.880	0.083	0.001
0.047	0.798	0.028	0.127
0.861	0.040	0.071	0.028
0.014	0.895	0.028	0.063
>GGGGGCAGGGCA	12-GGGGGCAGGGCA	11.092561	-171.743987	0	T:128.0(9.35%),B:516.6(1.08%),P:1e-74	Tpos:105.5,Tstd:51.5,Bpos:94.8,Bstd:65.0,StrandBias:0.0,Multiplicity:1.05
0.083	0.072	0.844	0.001
0.020	0.001	0.978	0.001
0.016	0.001	0.982	0.001
0.001	0.073	0.905	0.021
0.036	0.001	0.647	0.316
0.001	0.997	0.001	0.001
0.997	0.001	0.001	0.001
0.001	0.001	0.997	0.001
0.128	0.001	0.870	0.001
0.001	0.049	0.897	0.053
0.251	0.747	0.001	0.001
0.489	0.087	0.166	0.258
>VCTCTCTTCAAA	13-VCTCTCTTCAAA	10.050101	-168.849727	0	T:94.0(6.87%),B:230.4(0.48%),P:1e-73	Tpos:107.9,Tstd:50.6,Bpos:100.8,Bstd:65.3,StrandBias:0.1,Multiplicity:1.01
0.331	0.395	0.273	0.001
0.001	0.997	0.001	0.001
0.001	0.001	0.001	0.997
0.001	0.997	0.001	0.001
0.001	0.001	0.001	0.997
0.001	0.603	0.001	0.395
0.001	0.409	0.001	0.589
0.001	0.001	0.001	0.997
0.001	0.997	0.001	0.001
0.997	0.001	0.001	0.001
0.583	0.395	0.021	0.001
0.997	0.001	0.001	0.001
>TACCTAMSCAAA	14-TACCTAMSCAAA	9.159026	-161.062846	0	T:107.0(7.82%),B:359.4(0.75%),P:1e-69	Tpos:99.7,Tstd:49.8,Bpos:96.0,Bstd:64.2,StrandBias:0.0,Multiplicity:1.40
0.001	0.207	0.001	0.791
0.922	0.076	0.001	0.001
0.001	0.634	0.364	0.001
0.001	0.868	0.130	0.001
0.001	0.090	0.001	0.908
0.766	0.001	0.156	0.077
0.366	0.385	0.170	0.079
0.211	0.387	0.321	0.081
0.001	0.845	0.077	0.077
0.845	0.001	0.153	0.001
0.845	0.153	0.001	0.001
0.765	0.001	0.233	0.001
>TGGAAAAGGAAA	15-TGGAAAAGGAAA	12.417367	-136.663172	0	T:66.0(4.82%),B:121.1(0.25%),P:1e-59	Tpos:103.0,Tstd:49.3,Bpos:96.2,Bstd:72.0,StrandBias:0.6,Multiplicity:1.09
0.001	0.001	0.001	0.997
0.001	0.001	0.908	0.090
0.084	0.001	0.914	0.001
0.997	0.001	0.001	0.001
0.997	0.001	0.001	0.001
0.997	0.001	0.001	0.001
0.997	0.001	0.001	0.001
0.001	0.001	0.959	0.039
0.001	0.040	0.937	0.022
0.977	0.001	0.001	0.021
0.977	0.001	0.001	0.021
0.977	0.001	0.001	0.021
>CTCCTCAAGTGG	16-CTCCTCAAGTGG	10.848157	-124.054804	0	T:70.0(5.11%),B:176.7(0.37%),P:1e-53	Tpos:109.1,Tstd:52.4,Bpos:90.1,Bstd:69.7,StrandBias:-0.1,Multiplicity:1.00
0.029	0.950	0.001	0.020
0.001	0.028	0.001	0.970
0.001	0.997	0.001	0.001
0.001	0.970	0.028	0.001
0.001	0.001	0.001	0.997
0.001	0.997	0.001	0.001
0.975	0.001	0.001	0.023
0.950	0.001	0.029	0.020
0.028	0.001	0.970	0.001
0.016	0.001	0.020	0.963
0.001	0.001	0.997	0.001
0.001	0.139	0.831	0.029
>GCAGGGAGGCCT	17-GCAGGGAGGCCT	12.936462	-116.172812	0	T:60.0(4.38%),B:127.1(0.26%),P:1e-50	Tpos:92.0,Tstd:58.0,Bpos:92.2,Bstd:70.4,StrandBias:0.1,Multiplicity:1.00
0.069	0.069	0.587	0.275
0.001	0.883	0.068	0.048
0.997	0.001	0.001	0.001
0.344	0.001	0.587	0.068
0.068	0.001	0.930	0.001
0.102	0.272	0.625	0.001
0.997	0.001	0.001	0.001
0.069	0.240	0.622	0.069
0.001	0.042	0.956	0.001
0.068	0.930	0.001	0.001
0.068	0.930	0.001	0.001
0.001	0.001	0.001	0.997
>KGTCCCGYACAG	18-KGTCCCGYACAG	13.212755	-112.623138	0	T:25.0(1.83%),B:4.0(0.01%),P:1e-48	Tpos:80.4,Tstd:51.6,Bpos:120.4,Bstd:25.9,StrandBias:0.3,Multiplicity:1.00
0.001	0.001	0.560	0.438
0.001	0.001	0.997	0.001
0.001	0.001	0.001	0.997
0.001	0.997	0.001	0.001
0.001	0.997	0.001	0.001
0.001	0.903	0.001	0.095
0.118	0.001	0.880	0.001
0.001	0.560	0.001	0.438
0.997	0.001	0.001	0.001
0.001	0.997	0.001	0.001
0.997	0.001	0.001	0.001
0.001	0.001	0.997	0.001
>ACTGTCAGACAG	19-ACTGTCAGACAG	9.151889	-111.979861	0	T:105.0(7.67%),B:578.6(1.20%),P:1e-48	Tpos:99.6,Tstd:49.0,Bpos:95.4,Bstd:62.8,StrandBias:0.0,Multiplicity:1.05
0.693	0.094	0.101	0.112
0.141	0.684	0.092	0.083
0.094	0.026	0.085	0.795
0.064	0.038	0.862	0.036
0.084	0.143	0.188	0.585
0.031	0.695	0.179	0.095
0.805	0.065	0.010	0.120
0.035	0.030	0.856	0.079
0.673	0.101	0.159	0.067
0.071	0.818	0.084	0.027
0.807	0.007	0.026	0.160
0.072	0.168	0.731	0.029
>GGAAMTCTGGCC	20-GGAAMTCTGGCC	13.889134	-93.648699	0	T:33.0(2.41%),B:28.7(0.06%),P:1e-40	Tpos:103.3,Tstd:56.4,Bpos:102.4,Bstd:64.1,StrandBias:-0.1,Multiplicity:1.27
0.132	0.001	0.866	0.001
0.001	0.001	0.997	0.001
0.975	0.023	0.001	0.001
0.997	0.001	0.001	0.001
0.520	0.455	0.001	0.024
0.001	0.001	0.001	0.997
0.001	0.997	0.001	0.001
0.001	0.001	0.001	0.997
0.001	0.001	0.997	0.001
0.001	0.016	0.982	0.001
0.001	0.997	0.001	0.001
0.001	0.997	0.001	0.001
>GTGGRGCCCACC	21-GTGGRGCCCACC	11.097635	-89.009577	0	T:60.0(4.38%),B:207.2(0.43%),P:1e-38	Tpos:96.7,Tstd:54.3,Bpos:95.6,Bstd:70.3,StrandBias:0.1,Multiplicity:1.40
0.001	0.001	0.997	0.001
0.077	0.053	0.232	0.638
0.277	0.001	0.721	0.001
0.013	0.001	0.985	0.001
0.348	0.232	0.419	0.001
0.001	0.398	0.600	0.001
0.001	0.677	0.001	0.321
0.001	0.997	0.001	0.001
0.001	0.713	0.001	0.285
0.733	0.001	0.265	0.001
0.017	0.970	0.012	0.001
0.305	0.693	0.001	0.001
>GGGGGACGGTCA	22-GGGGGACGGTCA	8.422894	-78.287854	0	T:51.0(3.73%),B:167.6(0.35%),P:1e-33	Tpos:96.2,Tstd:45.2,Bpos:99.1,Bstd:61.7,StrandBias:-0.1,Multiplicity:1.04
0.001	0.001	0.997	0.001
0.001	0.001	0.997	0.001
0.001	0.001	0.997	0.001
0.001	0.001	0.997	0.001
0.318	0.001	0.680	0.001
0.997	0.001	0.001	0.001
0.001	0.648	0.350	0.001
0.001	0.001	0.997	0.001
0.001	0.001	0.997	0.001
0.001	0.001	0.350	0.648
0.001	0.997	0.001	0.001
0.970	0.001	0.028	0.001
>TAACCCTAACCC	23-TAACCCTAACCC	16.585386	-12.489124	0	T:3.0(0.22%),B:0.3(0.00%),P:1e-5	Tpos:108.5,Tstd:49.5,Bpos:106.4,Bstd:28.2,StrandBias:0.3,Multiplicity:24.00
0.001	0.001	0.001	0.997
0.997	0.001	0.001	0.001
0.997	0.001	0.001	0.001
0.001	0.997	0.001	0.001
0.001	0.997	0.001	0.001
0.001	0.997	0.001	0.001
0.001	0.001	0.001	0.997
0.997	0.001	0.001	0.001
0.990	0.008	0.001	0.001
0.001	0.997	0.001	0.001
0.001	0.997	0.001	0.001
0.001	0.990	0.001	0.008
>GAATRGAATRGA	24-GAATRGAATRGA	15.252054	-5.669269	0	T:2.0(0.15%),B:3.2(0.01%),P:1e-2	Tpos:85.2,Tstd:28.7,Bpos:85.6,Bstd:53.3,StrandBias:10.0,Multiplicity:2.00
0.001	0.001	0.997	0.001
0.997	0.001	0.001	0.001
0.997	0.001	0.001	0.001
0.001	0.001	0.001	0.997
0.516	0.001	0.482	0.001
0.001	0.001	0.997	0.001
0.997	0.001	0.001	0.001
0.997	0.001	0.001	0.001
0.001	0.001	0.001	0.997
0.536	0.001	0.462	0.001
0.001	0.001	0.997	0.001
0.997	0.001	0.001	0.001
>AGAGAGAGAGAG	25-AGAGAGAGAGAG	16.111639	-0.641533	0	T:9.0(0.66%),B:311.5(0.65%),P:1e0	Tpos:100.6,Tstd:41.8,Bpos:106.9,Bstd:69.7,StrandBias:0.7,Multiplicity:3.11
0.993	0.005	0.001	0.001
0.001	0.071	0.924	0.004
0.995	0.001	0.001	0.003
0.001	0.082	0.916	0.001
0.997	0.001	0.001	0.001
0.001	0.074	0.924	0.001
0.997	0.001	0.001	0.001
0.001	0.080	0.918	0.001
0.994	0.004	0.001	0.001
0.001	0.067	0.931	0.001
0.993	0.001	0.005	0.001
0.001	0.084	0.914	0.001
