>TGAGGRGCKCCT	1-TGAGGRGCKCCT	8.440518	-615.415281	0	T:768.0(38.21%),B:4034.6(9.26%),P:1e-267	Tpos:99.5,Tstd:45.9,Bpos:100.5,Bstd:87.0,StrandBias:0.1,Multiplicity:1.45
0.240	0.038	0.189	0.533
0.156	0.001	0.824	0.019
0.782	0.001	0.216	0.001
0.058	0.257	0.670	0.015
0.176	0.019	0.804	0.001
0.339	0.176	0.450	0.035
0.183	0.001	0.774	0.042
0.019	0.701	0.032	0.248
0.056	0.123	0.452	0.369
0.019	0.906	0.008	0.067
0.019	0.862	0.001	0.118
0.066	0.070	0.001	0.863
>ACTGTGTTAGCC	2-ACTGTGTTAGCC	9.359285	-468.507723	0	T:575.0(28.61%),B:2834.2(6.50%),P:1e-203	Tpos:98.9,Tstd:47.7,Bpos:100.6,Bstd:67.8,StrandBias:-0.0,Multiplicity:1.00
0.680	0.081	0.159	0.080
0.047	0.838	0.044	0.071
0.092	0.228	0.023	0.657
0.117	0.078	0.729	0.076
0.045	0.049	0.061	0.845
0.085	0.067	0.745	0.103
0.079	0.120	0.107	0.694
0.072	0.027	0.117	0.784
0.715	0.035	0.174	0.076
0.076	0.065	0.790	0.069
0.026	0.763	0.103	0.108
0.092	0.764	0.035	0.109
>GAGAATGAYRTR	3-GAGAATGAYRTR	9.588525	-448.746508	0	T:501.0(24.93%),B:2203.4(5.06%),P:1e-194	Tpos:102.1,Tstd:53.7,Bpos:98.5,Bstd:67.9,StrandBias:0.2,Multiplicity:1.00
0.059	0.072	0.823	0.046
0.940	0.001	0.029	0.030
0.001	0.001	0.705	0.293
0.806	0.058	0.135	0.001
0.633	0.001	0.337	0.029
0.413	0.001	0.001	0.585
0.001	0.001	0.888	0.110
0.655	0.001	0.302	0.042
0.160	0.330	0.151	0.360
0.335	0.126	0.450	0.089
0.194	0.001	0.001	0.804
0.541	0.029	0.429	0.001
>ATACTAAAAATT	4-ATACTAAAAATT	10.623581	-417.881767	0	T:568.0(28.26%),B:3079.8(7.07%),P:1e-181	Tpos:99.6,Tstd:29.1,Bpos:100.2,Bstd:68.4,StrandBias:0.0,Multiplicity:1.00
0.800	0.106	0.060	0.034
0.219	0.118	0.019	0.644
0.793	0.027	0.132	0.048
0.096	0.786	0.056	0.062
0.258	0.046	0.010	0.686
0.750	0.067	0.164	0.019
0.748	0.065	0.137	0.050
0.923	0.038	0.038	0.001
0.865	0.067	0.039	0.029
0.837	0.046	0.048	0.069
0.337	0.083	0.046	0.534
0.234	0.099	0.029	0.638
>TCACGAGGTCAG	5-TCACGAGGTCAG	9.974127	-377.223304	0	T:506.0(25.17%),B:2673.3(6.13%),P:1e-163	Tpos:99.6,Tstd:70.1,Bpos:100.9,Bstd:70.9,StrandBias:-0.0,Multiplicity:1.00
0.001	0.002	0.001	0.996
0.001	0.981	0.001	0.017
0.996	0.001	0.001	0.002
0.001	0.775	0.005	0.219
0.096	0.008	0.893	0.003
0.996	0.001	0.002	0.001
0.019	0.004	0.969	0.008
0.001	0.001	0.996	0.002
0.001	0.001	0.001	0.997
0.001	0.997	0.001	0.001
0.997	0.001	0.001	0.001
0.001	0.005	0.993	0.001
>AGCWTGGCGTGA	6-AGCWTGGCGTGA	9.086050	-371.401030	0	T:747.0(37.16%),B:5727.6(13.14%),P:1e-161	Tpos:100.2,Tstd:55.6,Bpos:98.3,Bstd:80.7,StrandBias:0.1,Multiplicity:1.68
0.762	0.001	0.236	0.001
0.001	0.001	0.997	0.001
0.416	0.582	0.001	0.001
0.413	0.211	0.001	0.376
0.001	0.001	0.411	0.587
0.001	0.001	0.997	0.001
0.001	0.346	0.652	0.001
0.124	0.854	0.019	0.003
0.001	0.001	0.997	0.001
0.001	0.001	0.363	0.635
0.001	0.001	0.997	0.001
0.557	0.234	0.208	0.001
>GATCWCGAGATC	7-GATCWCGAGATC	9.491004	-361.219471	0	T:388.0(19.30%),B:1596.3(3.66%),P:1e-156	Tpos:99.2,Tstd:60.4,Bpos:101.6,Bstd:71.2,StrandBias:-0.0,Multiplicity:1.01
0.045	0.046	0.857	0.052
0.601	0.059	0.079	0.261
0.054	0.030	0.308	0.608
0.319	0.614	0.048	0.019
0.519	0.075	0.016	0.390
0.073	0.797	0.056	0.074
0.093	0.116	0.746	0.045
0.694	0.241	0.036	0.029
0.037	0.267	0.646	0.050
0.793	0.133	0.023	0.051
0.047	0.336	0.053	0.564
0.038	0.563	0.116	0.283
>AGCCGGGCGBGG	8-AGCCGGGCGBGG	11.013039	-306.749139	0	T:329.0(16.37%),B:1335.9(3.07%),P:1e-133	Tpos:102.0,Tstd:32.4,Bpos:102.0,Bstd:77.1,StrandBias:0.1,Multiplicity:1.00
0.557	0.191	0.032	0.220
0.087	0.024	0.881	0.008
0.034	0.751	0.059	0.156
0.038	0.749	0.103	0.110
0.240	0.031	0.720	0.009
0.001	0.158	0.751	0.090
0.026	0.066	0.875	0.033
0.112	0.731	0.087	0.070
0.103	0.142	0.513	0.242
0.063	0.289	0.304	0.344
0.301	0.063	0.635	0.001
0.031	0.205	0.713	0.051
>GTAGTCCCAGCT	9-GTAGTCCCAGCT	11.068953	-305.270166	0	T:529.0(26.32%),B:3482.2(7.99%),P:1e-132	Tpos:100.8,Tstd:31.9,Bpos:99.9,Bstd:69.1,StrandBias:0.0,Multiplicity:1.00
0.001	0.001	0.997	0.001
0.001	0.001	0.001	0.997
0.994	0.004	0.001	0.001
0.001	0.001	0.997	0.001
0.001	0.001	0.008	0.990
0.001	0.997	0.001	0.001
0.001	0.997	0.001	0.001
0.001	0.997	0.001	0.001
0.995	0.001	0.001	0.003
0.001	0.001	0.994	0.004
0.001	0.997	0.001	0.001
0.001	0.001	0.001	0.997
>CTYGGGRGGCAG	10-CTYGGGRGGCAG	9.347328	-287.034458	0	T:719.0(35.77%),B:6276.9(14.40%),P:1e-124	Tpos:101.5,Tstd:54.7,Bpos:99.9,Bstd:70.0,StrandBias:0.0,Multiplicity:1.27
0.008	0.743	0.002	0.247
0.111	0.186	0.001	0.702
0.035	0.473	0.067	0.425
0.077	0.102	0.577	0.244
0.015	0.289	0.691	0.005
0.003	0.101	0.894	0.002
0.428	0.001	0.506	0.065
0.152	0.008	0.832	0.008
0.067	0.186	0.629	0.118
0.133	0.718	0.037	0.112
0.538	0.162	0.197	0.103
0.010	0.063	0.926	0.001
>AGACGGGGTTTC	11-AGACGGGGTTTC	9.582097	-277.130885	0	T:680.0(33.83%),B:5821.0(13.36%),P:1e-120	Tpos:98.5,Tstd:38.0,Bpos:100.4,Bstd:62.0,StrandBias:-0.1,Multiplicity:1.00
0.986	0.001	0.012	0.001
0.012	0.001	0.986	0.001
0.990	0.001	0.005	0.004
0.040	0.955	0.004	0.001
0.001	0.001	0.979	0.019
0.001	0.004	0.993	0.002
0.001	0.005	0.993	0.001
0.009	0.004	0.983	0.004
0.001	0.001	0.001	0.997
0.001	0.001	0.001	0.997
0.001	0.004	0.001	0.994
0.006	0.982	0.011	0.001
>CYGTGTTAGCCA	12-CYGTGTTAGCCA	10.906570	-250.865282	0	T:337.0(16.77%),B:1723.1(3.95%),P:1e-108	Tpos:97.4,Tstd:48.4,Bpos:104.8,Bstd:69.9,StrandBias:-0.2,Multiplicity:1.00
0.001	0.903	0.048	0.048
0.001	0.562	0.001	0.436
0.032	0.048	0.895	0.025
0.128	0.001	0.195	0.676
0.001	0.001	0.997	0.001
0.001	0.346	0.001	0.652
0.001	0.116	0.031	0.852
0.686	0.048	0.265	0.001
0.001	0.047	0.951	0.001
0.134	0.817	0.048	0.001
0.176	0.822	0.001	0.001
0.951	0.001	0.001	0.047
>TATCTCTGTGCC	13-TATCTCTGTGCC	11.452479	-187.834646	0	T:81.0(4.03%),B:71.0(0.16%),P:1e-81	Tpos:107.0,Tstd:45.1,Bpos:100.6,Bstd:45.2,StrandBias:-0.3,Multiplicity:1.19
0.037	0.001	0.094	0.868
0.579	0.040	0.001	0.380
0.038	0.038	0.001	0.923
0.001	0.539	0.344	0.116
0.001	0.037	0.095	0.867
0.037	0.606	0.077	0.280
0.001	0.001	0.001	0.997
0.037	0.037	0.925	0.001
0.001	0.277	0.001	0.721
0.352	0.001	0.646	0.001
0.075	0.606	0.244	0.075
0.044	0.882	0.037	0.037
>AGGAGGMATTCC	14-AGGAGGMATTCC	10.234191	-173.654144	0	T:105.0(5.22%),B:184.0(0.42%),P:1e-75	Tpos:103.2,Tstd:56.7,Bpos:105.3,Bstd:49.1,StrandBias:0.5,Multiplicity:1.11
0.957	0.001	0.001	0.041
0.272	0.025	0.653	0.050
0.089	0.053	0.800	0.058
0.869	0.020	0.110	0.001
0.101	0.075	0.696	0.128
0.049	0.001	0.949	0.001
0.360	0.468	0.170	0.001
0.637	0.287	0.001	0.075
0.202	0.095	0.261	0.443
0.001	0.134	0.242	0.623
0.020	0.778	0.088	0.114
0.107	0.546	0.075	0.272
>CCTCTGTAGACT	15-CCTCTGTAGACT	11.659041	-171.935918	0	T:78.0(3.88%),B:76.7(0.18%),P:1e-74	Tpos:105.7,Tstd:47.4,Bpos:102.6,Bstd:45.6,StrandBias:0.4,Multiplicity:1.58
0.086	0.869	0.002	0.043
0.222	0.512	0.034	0.232
0.001	0.130	0.001	0.868
0.001	0.956	0.001	0.042
0.172	0.001	0.043	0.784
0.043	0.258	0.654	0.045
0.034	0.310	0.077	0.579
0.870	0.001	0.001	0.128
0.043	0.043	0.913	0.001
0.660	0.086	0.177	0.077
0.001	0.666	0.153	0.180
0.219	0.036	0.002	0.743
>YACTGCTCTCTT	16-YACTGCTCTCTT	13.206926	-169.493741	0	T:73.0(3.63%),B:63.3(0.15%),P:1e-73	Tpos:104.8,Tstd:45.8,Bpos:97.8,Bstd:47.6,StrandBias:-0.1,Multiplicity:1.52
0.093	0.405	0.001	0.501
0.852	0.055	0.031	0.062
0.001	0.875	0.001	0.123
0.001	0.030	0.001	0.968
0.340	0.001	0.628	0.031
0.031	0.838	0.031	0.100
0.062	0.062	0.001	0.875
0.001	0.715	0.253	0.031
0.031	0.001	0.031	0.937
0.001	0.937	0.061	0.001
0.001	0.030	0.001	0.968
0.062	0.001	0.031	0.906
>TCAGACAGGGAC	17-TCAGACAGGGAC	12.459627	-161.666446	0	T:66.0(3.28%),B:50.2(0.12%),P:1e-70	Tpos:108.7,Tstd:44.4,Bpos:100.9,Bstd:40.7,StrandBias:-0.2,Multiplicity:1.00
0.001	0.001	0.001	0.997
0.001	0.997	0.001	0.001
0.997	0.001	0.001	0.001
0.001	0.001	0.997	0.001
0.997	0.001	0.001	0.001
0.001	0.926	0.055	0.018
0.997	0.001	0.001	0.001
0.001	0.018	0.980	0.001
0.018	0.001	0.980	0.001
0.001	0.001	0.980	0.018
0.997	0.001	0.001	0.001
0.018	0.980	0.001	0.001
>CCGCCCGCCTCG	18-CCGCCCGCCTCG	11.230289	-156.989372	0	T:200.0(9.95%),B:951.0(2.18%),P:1e-68	Tpos:99.0,Tstd:65.0,Bpos:102.4,Bstd:81.9,StrandBias:0.0,Multiplicity:1.00
0.001	0.997	0.001	0.001
0.001	0.988	0.010	0.001
0.146	0.005	0.848	0.001
0.012	0.972	0.001	0.015
0.001	0.981	0.001	0.017
0.001	0.997	0.001	0.001
0.001	0.001	0.991	0.007
0.001	0.997	0.001	0.001
0.001	0.997	0.001	0.001
0.001	0.001	0.001	0.997
0.018	0.980	0.001	0.001
0.001	0.001	0.997	0.001
>TGCTGGGAGAAC	19-TGCTGGGAGAAC	12.637509	-139.366334	0	T:62.0(3.08%),B:58.6(0.13%),P:1e-60	Tpos:105.3,Tstd:51.9,Bpos:91.8,Bstd:44.9,StrandBias:0.1,Multiplicity:1.00
0.001	0.001	0.001	0.997
0.001	0.021	0.977	0.001
0.001	0.957	0.021	0.021
0.001	0.021	0.001	0.977
0.001	0.001	0.997	0.001
0.001	0.001	0.997	0.001
0.021	0.001	0.977	0.001
0.997	0.001	0.001	0.001
0.001	0.001	0.997	0.001
0.997	0.001	0.001	0.001
0.997	0.001	0.001	0.001
0.001	0.977	0.021	0.001
>CCGTCTGGGARG	20-CCGTCTGGGARG	10.756440	-111.987359	0	T:188.0(9.35%),B:1141.3(2.62%),P:1e-48	Tpos:99.9,Tstd:53.1,Bpos:99.0,Bstd:101.1,StrandBias:-0.3,Multiplicity:3.55
0.018	0.842	0.021	0.119
0.057	0.883	0.012	0.048
0.175	0.030	0.639	0.156
0.151	0.015	0.001	0.833
0.001	0.983	0.007	0.009
0.002	0.349	0.012	0.637
0.108	0.001	0.890	0.001
0.061	0.001	0.937	0.001
0.041	0.014	0.944	0.001
0.988	0.002	0.001	0.009
0.447	0.006	0.400	0.147
0.013	0.009	0.977	0.001
>GGGGGGGTCAGC	21-GGGGGGGTCAGC	10.719611	-58.944813	0	T:98.0(4.88%),B:590.5(1.35%),P:1e-25	Tpos:99.6,Tstd:54.1,Bpos:103.4,Bstd:108.7,StrandBias:-0.3,Multiplicity:1.62
0.038	0.091	0.754	0.117
0.073	0.068	0.804	0.055
0.083	0.046	0.828	0.043
0.139	0.049	0.724	0.088
0.054	0.088	0.799	0.059
0.064	0.046	0.836	0.054
0.041	0.284	0.612	0.063
0.055	0.148	0.083	0.714
0.036	0.684	0.227	0.053
0.822	0.024	0.073	0.081
0.051	0.213	0.709	0.027
0.071	0.718	0.133	0.078
>RAAGGAAGGAAR	22-RAAGGAAGGAAR	12.245895	-32.565695	0	T:39.0(1.94%),B:179.6(0.41%),P:1e-14	Tpos:101.4,Tstd:37.4,Bpos:88.9,Bstd:62.5,StrandBias:-0.7,Multiplicity:1.38
0.489	0.001	0.421	0.089
0.956	0.024	0.019	0.001
0.760	0.001	0.238	0.001
0.195	0.068	0.528	0.209
0.185	0.083	0.731	0.001
0.769	0.229	0.001	0.001
0.975	0.001	0.001	0.023
0.263	0.001	0.724	0.012
0.015	0.001	0.983	0.001
0.809	0.001	0.189	0.001
0.997	0.001	0.001	0.001
0.531	0.024	0.444	0.001
>TTYCTTYCYTTC	23-TTYCTTYCYTTC	9.844824	-10.556273	0	T:37.0(1.84%),B:377.1(0.87%),P:1e-4	Tpos:95.6,Tstd:54.3,Bpos:98.9,Bstd:75.3,StrandBias:-1.3,Multiplicity:2.19
0.114	0.326	0.027	0.533
0.017	0.303	0.087	0.593
0.030	0.490	0.024	0.457
0.063	0.576	0.016	0.345
0.016	0.384	0.023	0.577
0.018	0.116	0.059	0.807
0.028	0.423	0.058	0.491
0.129	0.614	0.020	0.237
0.042	0.443	0.029	0.486
0.064	0.116	0.014	0.806
0.034	0.304	0.034	0.628
0.036	0.645	0.088	0.231
>AGGAAAGGAAAG	24-AGGAAAGGAAAG	12.355432	-6.920071	0	T:5.0(0.25%),B:16.5(0.04%),P:1e-3	Tpos:109.8,Tstd:38.9,Bpos:81.9,Bstd:79.0,StrandBias:-0.4,Multiplicity:1.40
0.700	0.100	0.100	0.100
0.100	0.100	0.700	0.100
0.100	0.100	0.700	0.100
0.700	0.100	0.100	0.100
0.700	0.100	0.100	0.100
0.700	0.100	0.100	0.100
0.100	0.100	0.700	0.100
0.100	0.100	0.700	0.100
0.700	0.100	0.100	0.100
0.700	0.100	0.100	0.100
0.700	0.100	0.100	0.100
0.100	0.100	0.700	0.100
>TCTCTCTCGCTC	25-TCTCTCTCGCTC	13.098565	-5.510948	0	T:24.0(1.19%),B:283.8(0.65%),P:1e-2	Tpos:98.7,Tstd:23.5,Bpos:93.6,Bstd:75.9,StrandBias:0.4,Multiplicity:1.22
0.001	0.001	0.001	0.997
0.001	0.997	0.001	0.001
0.001	0.231	0.002	0.766
0.001	0.997	0.001	0.001
0.001	0.001	0.001	0.997
0.001	0.997	0.001	0.001
0.001	0.001	0.342	0.656
0.139	0.693	0.167	0.001
0.001	0.001	0.614	0.384
0.139	0.583	0.139	0.139
0.001	0.001	0.001	0.997
0.001	0.997	0.001	0.001
