>TGGCGKGM	1-TGGCGKGM	8.508317	-433.091856	0	T:487.0(24.23%),B:2151.9(4.94%),P:1e-188	Tpos:99.5,Tstd:34.1,Bpos:99.5,Bstd:81.0,StrandBias:0.0,Multiplicity:1.01
0.158	0.038	0.001	0.803
0.001	0.001	0.997	0.001
0.058	0.154	0.787	0.001
0.059	0.800	0.103	0.038
0.158	0.196	0.645	0.001
0.001	0.041	0.515	0.443
0.001	0.001	0.997	0.001
0.443	0.453	0.103	0.001
>GGAGAATG	2-GGAGAATG	9.626673	-375.133467	0	T:498.0(24.78%),B:2601.5(5.97%),P:1e-162	Tpos:100.8,Tstd:54.1,Bpos:97.5,Bstd:72.0,StrandBias:0.1,Multiplicity:1.00
0.037	0.024	0.857	0.082
0.019	0.001	0.973	0.007
0.994	0.001	0.001	0.004
0.037	0.004	0.958	0.001
0.693	0.305	0.001	0.001
0.618	0.001	0.001	0.380
0.001	0.242	0.001	0.756
0.001	0.098	0.900	0.001
>ATCGAGAC	3-ATCGAGAC	10.127826	-366.612056	0	T:399.0(19.85%),B:1669.0(3.83%),P:1e-159	Tpos:98.5,Tstd:59.7,Bpos:98.7,Bstd:72.6,StrandBias:-0.0,Multiplicity:1.00
0.661	0.001	0.337	0.001
0.001	0.055	0.001	0.943
0.337	0.622	0.001	0.040
0.001	0.001	0.997	0.001
0.997	0.001	0.001	0.001
0.001	0.001	0.997	0.001
0.997	0.001	0.001	0.001
0.001	0.997	0.001	0.001
>CGGTGAAA	4-CGGTGAAA	8.597410	-339.979351	0	T:490.0(24.38%),B:2752.1(6.31%),P:1e-147	Tpos:98.3,Tstd:43.0,Bpos:101.2,Bstd:67.6,StrandBias:0.1,Multiplicity:1.00
0.095	0.903	0.001	0.001
0.112	0.001	0.886	0.001
0.001	0.001	0.997	0.001
0.001	0.001	0.001	0.997
0.001	0.001	0.997	0.001
0.997	0.001	0.001	0.001
0.997	0.001	0.001	0.001
0.997	0.001	0.001	0.001
>TTTTTWGT	5-TTTTTWGT	10.247336	-309.755266	0	T:637.0(31.69%),B:4842.3(11.11%),P:1e-134	Tpos:99.1,Tstd:30.8,Bpos:101.2,Bstd:66.5,StrandBias:-0.0,Multiplicity:1.02
0.015	0.001	0.001	0.983
0.001	0.001	0.001	0.997
0.049	0.001	0.011	0.939
0.001	0.001	0.014	0.984
0.001	0.001	0.001	0.997
0.354	0.001	0.150	0.495
0.001	0.001	0.966	0.032
0.001	0.001	0.001	0.997
>TAGMCGGG	6-TAGMCGGG	7.547434	-293.618687	0	T:910.0(45.27%),B:9232.0(21.18%),P:1e-127	Tpos:97.9,Tstd:45.5,Bpos:99.5,Bstd:79.3,StrandBias:0.2,Multiplicity:1.79
0.001	0.308	0.085	0.606
0.632	0.052	0.293	0.023
0.001	0.152	0.835	0.012
0.356	0.390	0.097	0.158
0.001	0.866	0.050	0.083
0.273	0.001	0.725	0.001
0.003	0.001	0.989	0.007
0.001	0.004	0.992	0.003
>CCCCGTCT	7-CCCCGTCT	10.019500	-282.866367	0	T:598.0(29.75%),B:4593.8(10.54%),P:1e-122	Tpos:99.7,Tstd:43.3,Bpos:101.8,Bstd:83.1,StrandBias:-0.2,Multiplicity:1.19
0.001	0.997	0.001	0.001
0.001	0.997	0.001	0.001
0.001	0.997	0.001	0.001
0.001	0.997	0.001	0.001
0.001	0.001	0.997	0.001
0.001	0.001	0.001	0.997
0.001	0.997	0.001	0.001
0.001	0.350	0.001	0.648
>SYCTRYAG	8-SYCTRYAG	8.297715	-282.217286	0	T:653.0(32.49%),B:5368.9(12.32%),P:1e-122	Tpos:100.9,Tstd:38.0,Bpos:100.5,Bstd:67.4,StrandBias:-0.1,Multiplicity:1.09
0.001	0.464	0.534	0.001
0.001	0.533	0.001	0.465
0.001	0.997	0.001	0.001
0.001	0.001	0.001	0.997
0.526	0.001	0.472	0.001
0.001	0.529	0.001	0.469
0.997	0.001	0.001	0.001
0.001	0.001	0.997	0.001
>GKTTCACG	9-GKTTCACG	9.953344	-264.552926	0	T:336.0(16.72%),B:1628.3(3.74%),P:1e-114	Tpos:96.9,Tstd:60.3,Bpos:97.9,Bstd:71.2,StrandBias:0.1,Multiplicity:1.00
0.001	0.001	0.997	0.001
0.001	0.001	0.571	0.427
0.001	0.001	0.001	0.997
0.001	0.001	0.001	0.997
0.001	0.997	0.001	0.001
0.997	0.001	0.001	0.001
0.001	0.997	0.001	0.001
0.001	0.368	0.572	0.059
>ACTRCARG	10-ACTRCARG	9.775819	-264.358024	0	T:367.0(18.26%),B:1945.4(4.46%),P:1e-114	Tpos:100.4,Tstd:72.9,Bpos:95.5,Bstd:72.5,StrandBias:-0.0,Multiplicity:1.00
0.991	0.001	0.007	0.001
0.001	0.997	0.001	0.001
0.001	0.001	0.001	0.997
0.459	0.037	0.503	0.001
0.001	0.997	0.001	0.001
0.997	0.001	0.001	0.001
0.547	0.001	0.451	0.001
0.001	0.001	0.997	0.001
>AGACTAAA	11-AGACTAAA	5.767991	-250.573399	0	T:747.0(37.16%),B:7198.1(16.52%),P:1e-108	Tpos:98.9,Tstd:34.0,Bpos:100.3,Bstd:63.4,StrandBias:0.1,Multiplicity:1.01
0.927	0.071	0.001	0.001
0.001	0.001	0.928	0.070
0.997	0.001	0.001	0.001
0.001	0.997	0.001	0.001
0.001	0.001	0.001	0.997
0.997	0.001	0.001	0.001
0.997	0.001	0.001	0.001
0.997	0.001	0.001	0.001
>GTCAGGAG	12-GTCAGGAG	8.236954	-221.501116	0	T:598.0(29.75%),B:5320.1(12.21%),P:1e-96	Tpos:98.1,Tstd:65.5,Bpos:100.7,Bstd:65.0,StrandBias:0.0,Multiplicity:1.00
0.100	0.100	0.700	0.100
0.100	0.100	0.100	0.700
0.100	0.700	0.100	0.100
0.700	0.100	0.100	0.100
0.100	0.100	0.700	0.100
0.100	0.100	0.700	0.100
0.700	0.100	0.100	0.100
0.100	0.100	0.700	0.100
>GCCTCCCT	13-GCCTCCCT	8.089142	-197.132259	0	T:798.0(39.70%),B:8912.5(20.45%),P:1e-85	Tpos:100.6,Tstd:56.2,Bpos:98.9,Bstd:78.4,StrandBias:0.2,Multiplicity:1.41
0.306	0.001	0.608	0.085
0.001	0.855	0.143	0.001
0.016	0.932	0.001	0.051
0.054	0.046	0.089	0.811
0.054	0.691	0.254	0.001
0.001	0.963	0.001	0.035
0.016	0.919	0.001	0.064
0.182	0.033	0.222	0.563
>CRCCWCTG	14-CRCCWCTG	5.650140	-188.120916	0	T:652.0(32.44%),B:6641.1(15.24%),P:1e-81	Tpos:102.2,Tstd:71.8,Bpos:100.7,Bstd:74.5,StrandBias:0.1,Multiplicity:1.03
0.001	0.997	0.001	0.001
0.486	0.001	0.512	0.001
0.001	0.997	0.001	0.001
0.001	0.997	0.001	0.001
0.492	0.001	0.001	0.506
0.001	0.997	0.001	0.001
0.001	0.001	0.017	0.981
0.001	0.001	0.997	0.001
>TCGMGATC	15-TCGMGATC	6.106833	-178.971781	0	T:343.0(17.06%),B:2351.8(5.40%),P:1e-77	Tpos:96.4,Tstd:69.5,Bpos:101.2,Bstd:75.8,StrandBias:-0.0,Multiplicity:1.02
0.315	0.076	0.127	0.483
0.009	0.813	0.160	0.018
0.069	0.161	0.704	0.066
0.351	0.422	0.081	0.146
0.030	0.100	0.682	0.188
0.579	0.202	0.144	0.075
0.155	0.065	0.188	0.592
0.006	0.726	0.107	0.161
>CCCAGCTA	16-CCCAGCTA	7.805730	-143.262892	0	T:753.0(37.46%),B:9202.9(21.12%),P:1e-62	Tpos:100.6,Tstd:36.1,Bpos:101.4,Bstd:64.6,StrandBias:0.0,Multiplicity:1.18
0.001	0.997	0.001	0.001
0.001	0.997	0.001	0.001
0.001	0.997	0.001	0.001
0.997	0.001	0.001	0.001
0.001	0.001	0.908	0.090
0.001	0.956	0.001	0.042
0.001	0.001	0.001	0.997
0.997	0.001	0.001	0.001
>TGAGGAGC	17-TGAGGAGC	8.236954	-134.598478	0	T:233.0(11.59%),B:1456.7(3.34%),P:1e-58	Tpos:98.1,Tstd:53.6,Bpos:99.2,Bstd:90.7,StrandBias:-0.3,Multiplicity:1.85
0.100	0.100	0.100	0.700
0.100	0.100	0.700	0.100
0.700	0.100	0.100	0.100
0.100	0.100	0.700	0.100
0.100	0.100	0.700	0.100
0.700	0.100	0.100	0.100
0.100	0.100	0.700	0.100
0.100	0.700	0.100	0.100
>TCTGCCCG	18-TCTGCCCG	9.593075	-111.831320	0	T:335.0(16.67%),B:3026.0(6.94%),P:1e-48	Tpos:100.1,Tstd:55.0,Bpos:100.6,Bstd:82.6,StrandBias:-0.2,Multiplicity:1.42
0.001	0.001	0.001	0.997
0.001	0.997	0.001	0.001
0.001	0.094	0.001	0.904
0.001	0.001	0.997	0.001
0.001	0.997	0.001	0.001
0.001	0.997	0.001	0.001
0.001	0.746	0.001	0.252
0.001	0.001	0.997	0.001
>AGGTTACT	19-AGGTTACT	8.236954	-89.405237	0	T:55.0(2.74%),B:100.2(0.23%),P:1e-38	Tpos:110.8,Tstd:43.8,Bpos:105.9,Bstd:60.0,StrandBias:-0.4,Multiplicity:1.00
0.700	0.100	0.100	0.100
0.100	0.100	0.700	0.100
0.100	0.100	0.700	0.100
0.100	0.100	0.100	0.700
0.100	0.100	0.100	0.700
0.700	0.100	0.100	0.100
0.100	0.700	0.100	0.100
0.100	0.100	0.100	0.700
>GTTTGTCT	20-GTTTGTCT	8.236954	-78.310651	0	T:70.0(3.48%),B:223.1(0.51%),P:1e-34	Tpos:117.9,Tstd:50.4,Bpos:103.1,Bstd:55.7,StrandBias:-0.4,Multiplicity:1.00
0.100	0.100	0.700	0.100
0.100	0.100	0.100	0.700
0.100	0.100	0.100	0.700
0.100	0.100	0.100	0.700
0.100	0.100	0.700	0.100
0.100	0.100	0.100	0.700
0.100	0.700	0.100	0.100
0.100	0.100	0.100	0.700
>GGGGTCAG	21-GGGGTCAG	8.236954	-55.389982	0	T:143.0(7.11%),B:1170.0(2.68%),P:1e-24	Tpos:103.9,Tstd:58.0,Bpos:100.5,Bstd:96.6,StrandBias:-0.4,Multiplicity:1.56
0.100	0.100	0.700	0.100
0.100	0.100	0.700	0.100
0.100	0.100	0.700	0.100
0.100	0.100	0.700	0.100
0.100	0.100	0.100	0.700
0.100	0.700	0.100	0.100
0.700	0.100	0.100	0.100
0.100	0.100	0.700	0.100
>CTTCCTTC	22-CTTCCTTC	8.236954	-1.442468	0	T:43.0(2.14%),B:828.9(1.90%),P:1e0	Tpos:98.6,Tstd:38.5,Bpos:94.3,Bstd:64.5,StrandBias:-0.0,Multiplicity:7.14
0.100	0.700	0.100	0.100
0.100	0.100	0.100	0.700
0.100	0.100	0.100	0.700
0.100	0.700	0.100	0.100
0.100	0.700	0.100	0.100
0.100	0.100	0.100	0.700
0.100	0.100	0.100	0.700
0.100	0.700	0.100	0.100
>GAAAGAAA	23-GAAAGAAA	10.633913	-1.336857	0	T:49.0(2.44%),B:963.8(2.21%),P:1e0	Tpos:96.3,Tstd:59.8,Bpos:103.3,Bstd:71.7,StrandBias:1.2,Multiplicity:3.93
0.001	0.001	0.997	0.001
0.997	0.001	0.001	0.001
0.997	0.001	0.001	0.001
0.997	0.001	0.001	0.001
0.001	0.001	0.997	0.001
0.647	0.001	0.351	0.001
0.997	0.001	0.001	0.001
0.997	0.001	0.001	0.001
>TYTCTYTC	24-TYTCTYTC	7.149763	-0.081048	0	T:25.0(1.24%),B:701.2(1.61%),P:1e0	Tpos:98.5,Tstd:50.9,Bpos:100.0,Bstd:69.5,StrandBias:0.8,Multiplicity:1.43
0.001	0.143	0.116	0.740
0.001	0.529	0.001	0.469
0.084	0.044	0.151	0.721
0.237	0.416	0.178	0.169
0.007	0.040	0.015	0.938
0.001	0.472	0.001	0.526
0.014	0.265	0.001	0.720
0.202	0.466	0.314	0.019
>CTCTCTCT	25-CTCTCTCT	8.236954	-0.015349	0	T:43.0(2.14%),B:1261.9(2.90%),P:1e0	Tpos:97.8,Tstd:27.9,Bpos:97.7,Bstd:75.2,StrandBias:0.3,Multiplicity:1.26
0.100	0.700	0.100	0.100
0.100	0.100	0.100	0.700
0.100	0.700	0.100	0.100
0.100	0.100	0.100	0.700
0.100	0.700	0.100	0.100
0.100	0.100	0.100	0.700
0.100	0.700	0.100	0.100
0.100	0.100	0.100	0.700
