>CGTTCTCCTG	1-CGTTCTCCTG	8.642336	-411.997217	0	T:511.0(25.42%),B:2509.0(5.76%),P:1e-178	Tpos:99.9,Tstd:49.6,Bpos:99.8,Bstd:75.0,StrandBias:0.0,Multiplicity:1.50
0.106	0.668	0.149	0.077
0.051	0.032	0.851	0.066
0.141	0.028	0.313	0.518
0.042	0.046	0.354	0.558
0.079	0.803	0.049	0.069
0.065	0.035	0.328	0.572
0.037	0.838	0.038	0.087
0.094	0.807	0.046	0.053
0.140	0.113	0.078	0.669
0.175	0.043	0.720	0.062
>AGCAGGCTCT	2-AGCAGGCTCT	8.329219	-368.102335	0	T:503.0(25.02%),B:2701.3(6.20%),P:1e-159	Tpos:102.1,Tstd:65.7,Bpos:96.8,Bstd:70.7,StrandBias:0.0,Multiplicity:1.01
0.622	0.081	0.001	0.296
0.344	0.001	0.632	0.023
0.001	0.603	0.074	0.322
0.733	0.186	0.001	0.080
0.408	0.001	0.568	0.023
0.081	0.001	0.917	0.001
0.093	0.905	0.001	0.001
0.114	0.056	0.040	0.790
0.001	0.884	0.053	0.062
0.063	0.379	0.010	0.548
>ACCTCGTGAT	3-ACCTCGTGAT	5.410323	-364.847483	0	T:567.0(28.21%),B:3451.8(7.92%),P:1e-158	Tpos:98.3,Tstd:75.5,Bpos:101.2,Bstd:69.7,StrandBias:0.0,Multiplicity:1.00
0.997	0.001	0.001	0.001
0.001	0.689	0.309	0.001
0.001	0.997	0.001	0.001
0.001	0.001	0.001	0.997
0.001	0.692	0.306	0.001
0.331	0.001	0.667	0.001
0.317	0.001	0.001	0.681
0.001	0.001	0.997	0.001
0.997	0.001	0.001	0.001
0.001	0.001	0.001	0.997
>CGGGCGGCTG	4-CGGGCGGCTG	8.722321	-363.614812	0	T:766.0(38.11%),B:6079.1(13.95%),P:1e-157	Tpos:100.1,Tstd:45.2,Bpos:101.1,Bstd:87.2,StrandBias:0.1,Multiplicity:1.35
0.038	0.846	0.051	0.065
0.134	0.044	0.806	0.016
0.027	0.024	0.932	0.017
0.020	0.136	0.672	0.172
0.041	0.600	0.238	0.121
0.052	0.029	0.776	0.143
0.009	0.307	0.673	0.011
0.029	0.917	0.001	0.053
0.127	0.039	0.001	0.833
0.024	0.001	0.950	0.025
>TCCCGGCTAA	5-TCCCGGCTAA	12.335541	-361.173785	0	T:555.0(27.61%),B:3338.5(7.66%),P:1e-156	Tpos:99.1,Tstd:42.1,Bpos:99.4,Bstd:72.3,StrandBias:-0.0,Multiplicity:1.51
0.001	0.001	0.402	0.596
0.001	0.997	0.001	0.001
0.001	0.994	0.001	0.004
0.001	0.623	0.001	0.375
0.001	0.001	0.997	0.001
0.001	0.001	0.997	0.001
0.001	0.995	0.001	0.003
0.001	0.001	0.001	0.997
0.997	0.001	0.001	0.001
0.997	0.001	0.001	0.001
>AVGGAGAWTG	6-AVGGAGAWTG	7.626591	-359.471549	0	T:496.0(24.68%),B:2683.1(6.16%),P:1e-156	Tpos:101.5,Tstd:54.8,Bpos:98.2,Bstd:71.7,StrandBias:0.1,Multiplicity:1.08
0.425	0.233	0.268	0.074
0.342	0.261	0.279	0.118
0.213	0.039	0.660	0.088
0.217	0.035	0.694	0.054
0.721	0.070	0.172	0.037
0.047	0.290	0.581	0.082
0.614	0.323	0.001	0.062
0.442	0.018	0.004	0.536
0.142	0.015	0.215	0.628
0.046	0.001	0.751	0.202
>GCGTGAACCC	7-GCGTGAACCC	8.257849	-356.250805	0	T:563.0(28.01%),B:3471.6(7.97%),P:1e-154	Tpos:99.0,Tstd:51.3,Bpos:99.7,Bstd:70.5,StrandBias:0.0,Multiplicity:1.49
0.185	0.268	0.542	0.005
0.052	0.642	0.209	0.097
0.024	0.008	0.954	0.014
0.001	0.053	0.011	0.935
0.005	0.013	0.974	0.008
0.973	0.018	0.005	0.004
0.982	0.004	0.009	0.005
0.350	0.546	0.023	0.081
0.025	0.953	0.009	0.013
0.003	0.973	0.008	0.016
>TAGATGGGAC	8-TAGATGGGAC	7.502507	-331.640564	0	T:675.0(33.58%),B:5136.8(11.79%),P:1e-144	Tpos:100.1,Tstd:38.6,Bpos:100.3,Bstd:67.9,StrandBias:-0.1,Multiplicity:1.04
0.067	0.221	0.027	0.685
0.788	0.075	0.057	0.080
0.073	0.013	0.864	0.050
0.962	0.017	0.008	0.013
0.074	0.059	0.018	0.849
0.025	0.017	0.888	0.070
0.075	0.051	0.719	0.155
0.108	0.008	0.851	0.033
0.677	0.038	0.151	0.134
0.064	0.726	0.032	0.178
>ATACTAAAAA	9-ATACTAAAAA	8.350283	-270.419844	0	T:797.0(39.65%),B:7710.4(17.69%),P:1e-117	Tpos:99.1,Tstd:31.8,Bpos:100.3,Bstd:64.6,StrandBias:0.0,Multiplicity:1.63
0.700	0.100	0.100	0.100
0.100	0.100	0.100	0.700
0.700	0.100	0.100	0.100
0.100	0.700	0.100	0.100
0.100	0.100	0.100	0.700
0.700	0.100	0.100	0.100
0.700	0.100	0.100	0.100
0.700	0.100	0.100	0.100
0.700	0.100	0.100	0.100
0.700	0.100	0.100	0.100
>GCKCTCYTCA	10-GCKCTCYTCA	9.248630	-248.165236	0	T:293.0(14.58%),B:1309.5(3.00%),P:1e-107	Tpos:99.4,Tstd:52.1,Bpos:101.0,Bstd:89.6,StrandBias:0.1,Multiplicity:1.65
0.182	0.014	0.762	0.042
0.056	0.788	0.106	0.050
0.102	0.003	0.426	0.469
0.025	0.854	0.058	0.063
0.006	0.085	0.005	0.904
0.022	0.969	0.007	0.002
0.024	0.456	0.061	0.460
0.015	0.006	0.001	0.978
0.001	0.992	0.001	0.006
0.875	0.055	0.055	0.015
>TCYGCCYGGC	11-TCYGCCYGGC	9.265605	-190.860281	0	T:360.0(17.91%),B:2446.7(5.61%),P:1e-82	Tpos:100.7,Tstd:54.1,Bpos:99.0,Bstd:98.2,StrandBias:-0.4,Multiplicity:2.11
0.001	0.232	0.153	0.614
0.094	0.868	0.023	0.015
0.165	0.426	0.039	0.370
0.159	0.001	0.809	0.031
0.119	0.695	0.142	0.044
0.002	0.996	0.001	0.001
0.002	0.557	0.012	0.429
0.148	0.039	0.728	0.085
0.116	0.226	0.657	0.001
0.068	0.865	0.066	0.001
>GATTACTSCT	12-GATTACTSCT	9.680922	-162.851536	0	T:80.0(3.98%),B:93.2(0.21%),P:1e-70	Tpos:101.6,Tstd:47.6,Bpos:103.8,Bstd:49.4,StrandBias:-0.1,Multiplicity:1.00
0.139	0.127	0.651	0.083
0.528	0.061	0.359	0.052
0.159	0.022	0.088	0.731
0.003	0.060	0.001	0.936
0.682	0.316	0.001	0.001
0.083	0.628	0.074	0.215
0.006	0.001	0.001	0.992
0.110	0.481	0.365	0.044
0.088	0.829	0.044	0.039
0.045	0.083	0.045	0.827
>TTGTCTGTSY	13-TTGTCTGTSY	10.098485	-157.972405	0	T:63.0(3.13%),B:45.5(0.10%),P:1e-68	Tpos:111.4,Tstd:49.1,Bpos:103.0,Bstd:45.4,StrandBias:-0.8,Multiplicity:1.00
0.061	0.204	0.001	0.734
0.030	0.093	0.161	0.716
0.056	0.028	0.680	0.236
0.039	0.001	0.054	0.906
0.014	0.577	0.031	0.378
0.059	0.033	0.021	0.887
0.139	0.059	0.736	0.066
0.010	0.033	0.175	0.782
0.017	0.358	0.491	0.134
0.119	0.495	0.007	0.379
>CACCATAGGT	14-CACCATAGGT	8.369194	-155.383307	0	T:98.0(4.88%),B:184.3(0.42%),P:1e-67	Tpos:114.8,Tstd:49.2,Bpos:100.3,Bstd:48.7,StrandBias:-0.1,Multiplicity:1.00
0.001	0.860	0.001	0.138
0.965	0.033	0.001	0.001
0.001	0.997	0.001	0.001
0.001	0.997	0.001	0.001
0.997	0.001	0.001	0.001
0.001	0.001	0.173	0.825
0.858	0.008	0.001	0.133
0.007	0.001	0.991	0.001
0.001	0.001	0.997	0.001
0.001	0.001	0.001	0.997
>TAAGTCTGCA	15-TAAGTCTGCA	10.003011	-131.878876	0	T:59.0(2.94%),B:56.9(0.13%),P:1e-57	Tpos:111.8,Tstd:42.0,Bpos:97.7,Bstd:45.6,StrandBias:-0.1,Multiplicity:1.00
0.001	0.001	0.001	0.997
0.997	0.001	0.001	0.001
0.976	0.022	0.001	0.001
0.001	0.001	0.997	0.001
0.001	0.001	0.001	0.997
0.001	0.997	0.001	0.001
0.001	0.001	0.001	0.997
0.001	0.017	0.981	0.001
0.001	0.997	0.001	0.001
0.997	0.001	0.001	0.001
>AGCTGTCAGA	16-AGCTGTCAGA	9.818519	-127.738879	0	T:58.0(2.89%),B:57.2(0.13%),P:1e-55	Tpos:109.3,Tstd:42.6,Bpos:108.0,Bstd:43.7,StrandBias:-0.3,Multiplicity:1.00
0.997	0.001	0.001	0.001
0.001	0.001	0.997	0.001
0.001	0.997	0.001	0.001
0.001	0.001	0.001	0.997
0.018	0.001	0.980	0.001
0.001	0.001	0.001	0.997
0.001	0.997	0.001	0.001
0.997	0.001	0.001	0.001
0.001	0.001	0.997	0.001
0.997	0.001	0.001	0.001
>GTCTTTTTGT	17-GTCTTTTTGT	11.005684	-126.320116	0	T:63.0(3.13%),B:76.2(0.17%),P:1e-54	Tpos:114.2,Tstd:48.1,Bpos:93.7,Bstd:48.6,StrandBias:-0.4,Multiplicity:1.00
0.001	0.001	0.997	0.001
0.001	0.001	0.001	0.997
0.001	0.997	0.001	0.001
0.001	0.001	0.001	0.997
0.001	0.059	0.001	0.939
0.001	0.001	0.001	0.997
0.001	0.001	0.001	0.997
0.001	0.001	0.001	0.997
0.001	0.001	0.997	0.001
0.001	0.001	0.001	0.997
>GGAGAACCAC	18-GGAGAACCAC	10.296193	-116.871228	0	T:60.0(2.99%),B:77.8(0.18%),P:1e-50	Tpos:103.2,Tstd:50.7,Bpos:93.3,Bstd:61.3,StrandBias:0.1,Multiplicity:1.00
0.100	0.100	0.700	0.100
0.100	0.100	0.700	0.100
0.700	0.100	0.100	0.100
0.100	0.100	0.700	0.100
0.700	0.100	0.100	0.100
0.700	0.100	0.100	0.100
0.100	0.700	0.100	0.100
0.100	0.700	0.100	0.100
0.700	0.100	0.100	0.100
0.100	0.700	0.100	0.100
>CCGTCTGGGA	19-CCGTCTGGGA	9.887273	-111.046008	0	T:180.0(8.96%),B:1061.2(2.43%),P:1e-48	Tpos:98.3,Tstd:51.8,Bpos:97.9,Bstd:95.7,StrandBias:-0.3,Multiplicity:2.07
0.001	0.793	0.044	0.162
0.115	0.743	0.001	0.141
0.237	0.001	0.498	0.265
0.273	0.001	0.038	0.688
0.001	0.922	0.076	0.001
0.028	0.133	0.042	0.797
0.163	0.001	0.835	0.001
0.187	0.001	0.807	0.005
0.052	0.001	0.933	0.014
0.985	0.013	0.001	0.001
>GGGCTCCCAC	20-GGGCTCCCAC	10.474803	-99.189437	0	T:75.0(3.73%),B:189.4(0.43%),P:1e-43	Tpos:91.7,Tstd:49.5,Bpos:98.3,Bstd:70.7,StrandBias:0.1,Multiplicity:1.31
0.001	0.001	0.997	0.001
0.001	0.001	0.997	0.001
0.001	0.001	0.997	0.001
0.001	0.887	0.111	0.001
0.001	0.001	0.001	0.997
0.001	0.959	0.001	0.039
0.001	0.997	0.001	0.001
0.001	0.997	0.001	0.001
0.997	0.001	0.001	0.001
0.001	0.997	0.001	0.001
>TCCGGGASGG	21-TCCGGGASGG	10.357817	-73.599336	0	T:141.0(7.01%),B:945.3(2.17%),P:1e-31	Tpos:102.2,Tstd:55.1,Bpos:99.1,Bstd:108.9,StrandBias:-0.4,Multiplicity:1.99
0.025	0.001	0.001	0.973
0.001	0.913	0.081	0.005
0.001	0.892	0.052	0.055
0.001	0.176	0.772	0.051
0.045	0.021	0.927	0.007
0.017	0.061	0.895	0.027
0.775	0.001	0.006	0.218
0.059	0.356	0.502	0.083
0.063	0.001	0.903	0.033
0.001	0.017	0.599	0.383
>AAGGAAGGAA	22-AAGGAAGGAA	12.539095	-15.258864	0	T:36.0(1.79%),B:292.1(0.67%),P:1e-6	Tpos:103.1,Tstd:37.1,Bpos:92.2,Bstd:67.2,StrandBias:-0.0,Multiplicity:2.11
0.997	0.001	0.001	0.001
0.997	0.001	0.001	0.001
0.133	0.001	0.865	0.001
0.001	0.001	0.996	0.002
0.996	0.001	0.001	0.002
0.997	0.001	0.001	0.001
0.399	0.003	0.597	0.001
0.001	0.001	0.997	0.001
0.789	0.001	0.209	0.001
0.997	0.001	0.001	0.001
>GAGAGAAAGA	23-GAGAGAAAGA	10.809940	-13.528683	0	T:60.0(2.99%),B:663.5(1.52%),P:1e-5	Tpos:94.5,Tstd:57.7,Bpos:103.3,Bstd:72.2,StrandBias:0.8,Multiplicity:1.51
0.001	0.001	0.997	0.001
0.743	0.001	0.255	0.001
0.347	0.001	0.635	0.017
0.785	0.213	0.001	0.001
0.001	0.001	0.944	0.054
0.997	0.001	0.001	0.001
0.834	0.001	0.135	0.030
0.997	0.001	0.001	0.001
0.001	0.001	0.997	0.001
0.604	0.001	0.394	0.001
>CTCGCTCTCG	24-CTCGCTCTCG	11.322557	-8.992106	0	T:13.0(0.65%),B:80.7(0.19%),P:1e-3	Tpos:92.9,Tstd:57.2,Bpos:109.1,Bstd:89.0,StrandBias:0.2,Multiplicity:1.00
0.001	0.997	0.001	0.001
0.001	0.001	0.001	0.997
0.001	0.997	0.001	0.001
0.106	0.001	0.640	0.253
0.001	0.997	0.001	0.001
0.001	0.001	0.001	0.997
0.001	0.997	0.001	0.001
0.155	0.001	0.001	0.843
0.001	0.997	0.001	0.001
0.001	0.001	0.901	0.097
>TCCTTTCCTT	25-TCCTTTCCTT	10.296193	-4.169829	0	T:9.0(0.45%),B:82.7(0.19%),P:1e-1	Tpos:105.7,Tstd:44.0,Bpos:100.4,Bstd:75.0,StrandBias:0.4,Multiplicity:7.00
0.100	0.100	0.100	0.700
0.100	0.700	0.100	0.100
0.100	0.700	0.100	0.100
0.100	0.100	0.100	0.700
0.100	0.100	0.100	0.700
0.100	0.100	0.100	0.700
0.100	0.700	0.100	0.100
0.100	0.700	0.100	0.100
0.100	0.100	0.100	0.700
0.100	0.100	0.100	0.700
>TGAGGRGCKCCT	1-TGAGGRGCKCCT	8.440518	-615.415281	0	T:768.0(38.21%),B:4034.6(9.26%),P:1e-267	Tpos:99.5,Tstd:45.9,Bpos:100.5,Bstd:87.0,StrandBias:0.1,Multiplicity:1.45
0.240	0.038	0.189	0.533
0.156	0.001	0.824	0.019
0.782	0.001	0.216	0.001
0.058	0.257	0.670	0.015
0.176	0.019	0.804	0.001
0.339	0.176	0.450	0.035
0.183	0.001	0.774	0.042
0.019	0.701	0.032	0.248
0.056	0.123	0.452	0.369
0.019	0.906	0.008	0.067
0.019	0.862	0.001	0.118
0.066	0.070	0.001	0.863
>ACTGTGTTAGCC	2-ACTGTGTTAGCC	9.359285	-468.507723	0	T:575.0(28.61%),B:2834.2(6.50%),P:1e-203	Tpos:98.9,Tstd:47.7,Bpos:100.6,Bstd:67.8,StrandBias:-0.0,Multiplicity:1.00
0.680	0.081	0.159	0.080
0.047	0.838	0.044	0.071
0.092	0.228	0.023	0.657
0.117	0.078	0.729	0.076
0.045	0.049	0.061	0.845
0.085	0.067	0.745	0.103
0.079	0.120	0.107	0.694
0.072	0.027	0.117	0.784
0.715	0.035	0.174	0.076
0.076	0.065	0.790	0.069
0.026	0.763	0.103	0.108
0.092	0.764	0.035	0.109
>GAGAATGAYRTR	3-GAGAATGAYRTR	9.588525	-448.746508	0	T:501.0(24.93%),B:2203.4(5.06%),P:1e-194	Tpos:102.1,Tstd:53.7,Bpos:98.5,Bstd:67.9,StrandBias:0.2,Multiplicity:1.00
0.059	0.072	0.823	0.046
0.940	0.001	0.029	0.030
0.001	0.001	0.705	0.293
0.806	0.058	0.135	0.001
0.633	0.001	0.337	0.029
0.413	0.001	0.001	0.585
0.001	0.001	0.888	0.110
0.655	0.001	0.302	0.042
0.160	0.330	0.151	0.360
0.335	0.126	0.450	0.089
0.194	0.001	0.001	0.804
0.541	0.029	0.429	0.001
>ATACTAAAAATT	4-ATACTAAAAATT	10.623581	-417.881767	0	T:568.0(28.26%),B:3079.8(7.07%),P:1e-181	Tpos:99.6,Tstd:29.1,Bpos:100.2,Bstd:68.4,StrandBias:0.0,Multiplicity:1.00
0.800	0.106	0.060	0.034
0.219	0.118	0.019	0.644
0.793	0.027	0.132	0.048
0.096	0.786	0.056	0.062
0.258	0.046	0.010	0.686
0.750	0.067	0.164	0.019
0.748	0.065	0.137	0.050
0.923	0.038	0.038	0.001
0.865	0.067	0.039	0.029
0.837	0.046	0.048	0.069
0.337	0.083	0.046	0.534
0.234	0.099	0.029	0.638
>TCACGAGGTCAG	5-TCACGAGGTCAG	9.974127	-377.223304	0	T:506.0(25.17%),B:2673.3(6.13%),P:1e-163	Tpos:99.6,Tstd:70.1,Bpos:100.9,Bstd:70.9,StrandBias:-0.0,Multiplicity:1.00
0.001	0.002	0.001	0.996
0.001	0.981	0.001	0.017
0.996	0.001	0.001	0.002
0.001	0.775	0.005	0.219
0.096	0.008	0.893	0.003
0.996	0.001	0.002	0.001
0.019	0.004	0.969	0.008
0.001	0.001	0.996	0.002
0.001	0.001	0.001	0.997
0.001	0.997	0.001	0.001
0.997	0.001	0.001	0.001
0.001	0.005	0.993	0.001
>AGCWTGGCGTGA	6-AGCWTGGCGTGA	9.086050	-371.401030	0	T:747.0(37.16%),B:5727.6(13.14%),P:1e-161	Tpos:100.2,Tstd:55.6,Bpos:98.3,Bstd:80.7,StrandBias:0.1,Multiplicity:1.68
0.762	0.001	0.236	0.001
0.001	0.001	0.997	0.001
0.416	0.582	0.001	0.001
0.413	0.211	0.001	0.376
0.001	0.001	0.411	0.587
0.001	0.001	0.997	0.001
0.001	0.346	0.652	0.001
0.124	0.854	0.019	0.003
0.001	0.001	0.997	0.001
0.001	0.001	0.363	0.635
0.001	0.001	0.997	0.001
0.557	0.234	0.208	0.001
>GATCWCGAGATC	7-GATCWCGAGATC	9.491004	-361.219471	0	T:388.0(19.30%),B:1596.3(3.66%),P:1e-156	Tpos:99.2,Tstd:60.4,Bpos:101.6,Bstd:71.2,StrandBias:-0.0,Multiplicity:1.01
0.045	0.046	0.857	0.052
0.601	0.059	0.079	0.261
0.054	0.030	0.308	0.608
0.319	0.614	0.048	0.019
0.519	0.075	0.016	0.390
0.073	0.797	0.056	0.074
0.093	0.116	0.746	0.045
0.694	0.241	0.036	0.029
0.037	0.267	0.646	0.050
0.793	0.133	0.023	0.051
0.047	0.336	0.053	0.564
0.038	0.563	0.116	0.283
>AGCCGGGCGBGG	8-AGCCGGGCGBGG	11.013039	-306.749139	0	T:329.0(16.37%),B:1335.9(3.07%),P:1e-133	Tpos:102.0,Tstd:32.4,Bpos:102.0,Bstd:77.1,StrandBias:0.1,Multiplicity:1.00
0.557	0.191	0.032	0.220
0.087	0.024	0.881	0.008
0.034	0.751	0.059	0.156
0.038	0.749	0.103	0.110
0.240	0.031	0.720	0.009
0.001	0.158	0.751	0.090
0.026	0.066	0.875	0.033
0.112	0.731	0.087	0.070
0.103	0.142	0.513	0.242
0.063	0.289	0.304	0.344
0.301	0.063	0.635	0.001
0.031	0.205	0.713	0.051
>GTAGTCCCAGCT	9-GTAGTCCCAGCT	11.068953	-305.270166	0	T:529.0(26.32%),B:3482.2(7.99%),P:1e-132	Tpos:100.8,Tstd:31.9,Bpos:99.9,Bstd:69.1,StrandBias:0.0,Multiplicity:1.00
0.001	0.001	0.997	0.001
0.001	0.001	0.001	0.997
0.994	0.004	0.001	0.001
0.001	0.001	0.997	0.001
0.001	0.001	0.008	0.990
0.001	0.997	0.001	0.001
0.001	0.997	0.001	0.001
0.001	0.997	0.001	0.001
0.995	0.001	0.001	0.003
0.001	0.001	0.994	0.004
0.001	0.997	0.001	0.001
0.001	0.001	0.001	0.997
>CTYGGGRGGCAG	10-CTYGGGRGGCAG	9.347328	-287.034458	0	T:719.0(35.77%),B:6276.9(14.40%),P:1e-124	Tpos:101.5,Tstd:54.7,Bpos:99.9,Bstd:70.0,StrandBias:0.0,Multiplicity:1.27
0.008	0.743	0.002	0.247
0.111	0.186	0.001	0.702
0.035	0.473	0.067	0.425
0.077	0.102	0.577	0.244
0.015	0.289	0.691	0.005
0.003	0.101	0.894	0.002
0.428	0.001	0.506	0.065
0.152	0.008	0.832	0.008
0.067	0.186	0.629	0.118
0.133	0.718	0.037	0.112
0.538	0.162	0.197	0.103
0.010	0.063	0.926	0.001
>AGACGGGGTTTC	11-AGACGGGGTTTC	9.582097	-277.130885	0	T:680.0(33.83%),B:5821.0(13.36%),P:1e-120	Tpos:98.5,Tstd:38.0,Bpos:100.4,Bstd:62.0,StrandBias:-0.1,Multiplicity:1.00
0.986	0.001	0.012	0.001
0.012	0.001	0.986	0.001
0.990	0.001	0.005	0.004
0.040	0.955	0.004	0.001
0.001	0.001	0.979	0.019
0.001	0.004	0.993	0.002
0.001	0.005	0.993	0.001
0.009	0.004	0.983	0.004
0.001	0.001	0.001	0.997
0.001	0.001	0.001	0.997
0.001	0.004	0.001	0.994
0.006	0.982	0.011	0.001
>CYGTGTTAGCCA	12-CYGTGTTAGCCA	10.906570	-250.865282	0	T:337.0(16.77%),B:1723.1(3.95%),P:1e-108	Tpos:97.4,Tstd:48.4,Bpos:104.8,Bstd:69.9,StrandBias:-0.2,Multiplicity:1.00
0.001	0.903	0.048	0.048
0.001	0.562	0.001	0.436
0.032	0.048	0.895	0.025
0.128	0.001	0.195	0.676
0.001	0.001	0.997	0.001
0.001	0.346	0.001	0.652
0.001	0.116	0.031	0.852
0.686	0.048	0.265	0.001
0.001	0.047	0.951	0.001
0.134	0.817	0.048	0.001
0.176	0.822	0.001	0.001
0.951	0.001	0.001	0.047
>TATCTCTGTGCC	13-TATCTCTGTGCC	11.452479	-187.834646	0	T:81.0(4.03%),B:71.0(0.16%),P:1e-81	Tpos:107.0,Tstd:45.1,Bpos:100.6,Bstd:45.2,StrandBias:-0.3,Multiplicity:1.19
0.037	0.001	0.094	0.868
0.579	0.040	0.001	0.380
0.038	0.038	0.001	0.923
0.001	0.539	0.344	0.116
0.001	0.037	0.095	0.867
0.037	0.606	0.077	0.280
0.001	0.001	0.001	0.997
0.037	0.037	0.925	0.001
0.001	0.277	0.001	0.721
0.352	0.001	0.646	0.001
0.075	0.606	0.244	0.075
0.044	0.882	0.037	0.037
>AGGAGGMATTCC	14-AGGAGGMATTCC	10.234191	-173.654144	0	T:105.0(5.22%),B:184.0(0.42%),P:1e-75	Tpos:103.2,Tstd:56.7,Bpos:105.3,Bstd:49.1,StrandBias:0.5,Multiplicity:1.11
0.957	0.001	0.001	0.041
0.272	0.025	0.653	0.050
0.089	0.053	0.800	0.058
0.869	0.020	0.110	0.001
0.101	0.075	0.696	0.128
0.049	0.001	0.949	0.001
0.360	0.468	0.170	0.001
0.637	0.287	0.001	0.075
0.202	0.095	0.261	0.443
0.001	0.134	0.242	0.623
0.020	0.778	0.088	0.114
0.107	0.546	0.075	0.272
>CCTCTGTAGACT	15-CCTCTGTAGACT	11.659041	-171.935918	0	T:78.0(3.88%),B:76.7(0.18%),P:1e-74	Tpos:105.7,Tstd:47.4,Bpos:102.6,Bstd:45.6,StrandBias:0.4,Multiplicity:1.58
0.086	0.869	0.002	0.043
0.222	0.512	0.034	0.232
0.001	0.130	0.001	0.868
0.001	0.956	0.001	0.042
0.172	0.001	0.043	0.784
0.043	0.258	0.654	0.045
0.034	0.310	0.077	0.579
0.870	0.001	0.001	0.128
0.043	0.043	0.913	0.001
0.660	0.086	0.177	0.077
0.001	0.666	0.153	0.180
0.219	0.036	0.002	0.743
>YACTGCTCTCTT	16-YACTGCTCTCTT	13.206926	-169.493741	0	T:73.0(3.63%),B:63.3(0.15%),P:1e-73	Tpos:104.8,Tstd:45.8,Bpos:97.8,Bstd:47.6,StrandBias:-0.1,Multiplicity:1.52
0.093	0.405	0.001	0.501
0.852	0.055	0.031	0.062
0.001	0.875	0.001	0.123
0.001	0.030	0.001	0.968
0.340	0.001	0.628	0.031
0.031	0.838	0.031	0.100
0.062	0.062	0.001	0.875
0.001	0.715	0.253	0.031
0.031	0.001	0.031	0.937
0.001	0.937	0.061	0.001
0.001	0.030	0.001	0.968
0.062	0.001	0.031	0.906
>TCAGACAGGGAC	17-TCAGACAGGGAC	12.459627	-161.666446	0	T:66.0(3.28%),B:50.2(0.12%),P:1e-70	Tpos:108.7,Tstd:44.4,Bpos:100.9,Bstd:40.7,StrandBias:-0.2,Multiplicity:1.00
0.001	0.001	0.001	0.997
0.001	0.997	0.001	0.001
0.997	0.001	0.001	0.001
0.001	0.001	0.997	0.001
0.997	0.001	0.001	0.001
0.001	0.926	0.055	0.018
0.997	0.001	0.001	0.001
0.001	0.018	0.980	0.001
0.018	0.001	0.980	0.001
0.001	0.001	0.980	0.018
0.997	0.001	0.001	0.001
0.018	0.980	0.001	0.001
>CCGCCCGCCTCG	18-CCGCCCGCCTCG	11.230289	-156.989372	0	T:200.0(9.95%),B:951.0(2.18%),P:1e-68	Tpos:99.0,Tstd:65.0,Bpos:102.4,Bstd:81.9,StrandBias:0.0,Multiplicity:1.00
0.001	0.997	0.001	0.001
0.001	0.988	0.010	0.001
0.146	0.005	0.848	0.001
0.012	0.972	0.001	0.015
0.001	0.981	0.001	0.017
0.001	0.997	0.001	0.001
0.001	0.001	0.991	0.007
0.001	0.997	0.001	0.001
0.001	0.997	0.001	0.001
0.001	0.001	0.001	0.997
0.018	0.980	0.001	0.001
0.001	0.001	0.997	0.001
>TGCTGGGAGAAC	19-TGCTGGGAGAAC	12.637509	-139.366334	0	T:62.0(3.08%),B:58.6(0.13%),P:1e-60	Tpos:105.3,Tstd:51.9,Bpos:91.8,Bstd:44.9,StrandBias:0.1,Multiplicity:1.00
0.001	0.001	0.001	0.997
0.001	0.021	0.977	0.001
0.001	0.957	0.021	0.021
0.001	0.021	0.001	0.977
0.001	0.001	0.997	0.001
0.001	0.001	0.997	0.001
0.021	0.001	0.977	0.001
0.997	0.001	0.001	0.001
0.001	0.001	0.997	0.001
0.997	0.001	0.001	0.001
0.997	0.001	0.001	0.001
0.001	0.977	0.021	0.001
>CCGTCTGGGARG	20-CCGTCTGGGARG	10.756440	-111.987359	0	T:188.0(9.35%),B:1141.3(2.62%),P:1e-48	Tpos:99.9,Tstd:53.1,Bpos:99.0,Bstd:101.1,StrandBias:-0.3,Multiplicity:3.55
0.018	0.842	0.021	0.119
0.057	0.883	0.012	0.048
0.175	0.030	0.639	0.156
0.151	0.015	0.001	0.833
0.001	0.983	0.007	0.009
0.002	0.349	0.012	0.637
0.108	0.001	0.890	0.001
0.061	0.001	0.937	0.001
0.041	0.014	0.944	0.001
0.988	0.002	0.001	0.009
0.447	0.006	0.400	0.147
0.013	0.009	0.977	0.001
>GGGGGGGTCAGC	21-GGGGGGGTCAGC	10.719611	-58.944813	0	T:98.0(4.88%),B:590.5(1.35%),P:1e-25	Tpos:99.6,Tstd:54.1,Bpos:103.4,Bstd:108.7,StrandBias:-0.3,Multiplicity:1.62
0.038	0.091	0.754	0.117
0.073	0.068	0.804	0.055
0.083	0.046	0.828	0.043
0.139	0.049	0.724	0.088
0.054	0.088	0.799	0.059
0.064	0.046	0.836	0.054
0.041	0.284	0.612	0.063
0.055	0.148	0.083	0.714
0.036	0.684	0.227	0.053
0.822	0.024	0.073	0.081
0.051	0.213	0.709	0.027
0.071	0.718	0.133	0.078
>RAAGGAAGGAAR	22-RAAGGAAGGAAR	12.245895	-32.565695	0	T:39.0(1.94%),B:179.6(0.41%),P:1e-14	Tpos:101.4,Tstd:37.4,Bpos:88.9,Bstd:62.5,StrandBias:-0.7,Multiplicity:1.38
0.489	0.001	0.421	0.089
0.956	0.024	0.019	0.001
0.760	0.001	0.238	0.001
0.195	0.068	0.528	0.209
0.185	0.083	0.731	0.001
0.769	0.229	0.001	0.001
0.975	0.001	0.001	0.023
0.263	0.001	0.724	0.012
0.015	0.001	0.983	0.001
0.809	0.001	0.189	0.001
0.997	0.001	0.001	0.001
0.531	0.024	0.444	0.001
>TTYCTTYCYTTC	23-TTYCTTYCYTTC	9.844824	-10.556273	0	T:37.0(1.84%),B:377.1(0.87%),P:1e-4	Tpos:95.6,Tstd:54.3,Bpos:98.9,Bstd:75.3,StrandBias:-1.3,Multiplicity:2.19
0.114	0.326	0.027	0.533
0.017	0.303	0.087	0.593
0.030	0.490	0.024	0.457
0.063	0.576	0.016	0.345
0.016	0.384	0.023	0.577
0.018	0.116	0.059	0.807
0.028	0.423	0.058	0.491
0.129	0.614	0.020	0.237
0.042	0.443	0.029	0.486
0.064	0.116	0.014	0.806
0.034	0.304	0.034	0.628
0.036	0.645	0.088	0.231
>AGGAAAGGAAAG	24-AGGAAAGGAAAG	12.355432	-6.920071	0	T:5.0(0.25%),B:16.5(0.04%),P:1e-3	Tpos:109.8,Tstd:38.9,Bpos:81.9,Bstd:79.0,StrandBias:-0.4,Multiplicity:1.40
0.700	0.100	0.100	0.100
0.100	0.100	0.700	0.100
0.100	0.100	0.700	0.100
0.700	0.100	0.100	0.100
0.700	0.100	0.100	0.100
0.700	0.100	0.100	0.100
0.100	0.100	0.700	0.100
0.100	0.100	0.700	0.100
0.700	0.100	0.100	0.100
0.700	0.100	0.100	0.100
0.700	0.100	0.100	0.100
0.100	0.100	0.700	0.100
>TCTCTCTCGCTC	25-TCTCTCTCGCTC	13.098565	-5.510948	0	T:24.0(1.19%),B:283.8(0.65%),P:1e-2	Tpos:98.7,Tstd:23.5,Bpos:93.6,Bstd:75.9,StrandBias:0.4,Multiplicity:1.22
0.001	0.001	0.001	0.997
0.001	0.997	0.001	0.001
0.001	0.231	0.002	0.766
0.001	0.997	0.001	0.001
0.001	0.001	0.001	0.997
0.001	0.997	0.001	0.001
0.001	0.001	0.342	0.656
0.139	0.693	0.167	0.001
0.001	0.001	0.614	0.384
0.139	0.583	0.139	0.139
0.001	0.001	0.001	0.997
0.001	0.997	0.001	0.001
>TGGCGKGM	1-TGGCGKGM	8.508317	-433.091856	0	T:487.0(24.23%),B:2151.9(4.94%),P:1e-188	Tpos:99.5,Tstd:34.1,Bpos:99.5,Bstd:81.0,StrandBias:0.0,Multiplicity:1.01
0.158	0.038	0.001	0.803
0.001	0.001	0.997	0.001
0.058	0.154	0.787	0.001
0.059	0.800	0.103	0.038
0.158	0.196	0.645	0.001
0.001	0.041	0.515	0.443
0.001	0.001	0.997	0.001
0.443	0.453	0.103	0.001
>GGAGAATG	2-GGAGAATG	9.626673	-375.133467	0	T:498.0(24.78%),B:2601.5(5.97%),P:1e-162	Tpos:100.8,Tstd:54.1,Bpos:97.5,Bstd:72.0,StrandBias:0.1,Multiplicity:1.00
0.037	0.024	0.857	0.082
0.019	0.001	0.973	0.007
0.994	0.001	0.001	0.004
0.037	0.004	0.958	0.001
0.693	0.305	0.001	0.001
0.618	0.001	0.001	0.380
0.001	0.242	0.001	0.756
0.001	0.098	0.900	0.001
>ATCGAGAC	3-ATCGAGAC	10.127826	-366.612056	0	T:399.0(19.85%),B:1669.0(3.83%),P:1e-159	Tpos:98.5,Tstd:59.7,Bpos:98.7,Bstd:72.6,StrandBias:-0.0,Multiplicity:1.00
0.661	0.001	0.337	0.001
0.001	0.055	0.001	0.943
0.337	0.622	0.001	0.040
0.001	0.001	0.997	0.001
0.997	0.001	0.001	0.001
0.001	0.001	0.997	0.001
0.997	0.001	0.001	0.001
0.001	0.997	0.001	0.001
>CGGTGAAA	4-CGGTGAAA	8.597410	-339.979351	0	T:490.0(24.38%),B:2752.1(6.31%),P:1e-147	Tpos:98.3,Tstd:43.0,Bpos:101.2,Bstd:67.6,StrandBias:0.1,Multiplicity:1.00
0.095	0.903	0.001	0.001
0.112	0.001	0.886	0.001
0.001	0.001	0.997	0.001
0.001	0.001	0.001	0.997
0.001	0.001	0.997	0.001
0.997	0.001	0.001	0.001
0.997	0.001	0.001	0.001
0.997	0.001	0.001	0.001
>TTTTTWGT	5-TTTTTWGT	10.247336	-309.755266	0	T:637.0(31.69%),B:4842.3(11.11%),P:1e-134	Tpos:99.1,Tstd:30.8,Bpos:101.2,Bstd:66.5,StrandBias:-0.0,Multiplicity:1.02
0.015	0.001	0.001	0.983
0.001	0.001	0.001	0.997
0.049	0.001	0.011	0.939
0.001	0.001	0.014	0.984
0.001	0.001	0.001	0.997
0.354	0.001	0.150	0.495
0.001	0.001	0.966	0.032
0.001	0.001	0.001	0.997
>TAGMCGGG	6-TAGMCGGG	7.547434	-293.618687	0	T:910.0(45.27%),B:9232.0(21.18%),P:1e-127	Tpos:97.9,Tstd:45.5,Bpos:99.5,Bstd:79.3,StrandBias:0.2,Multiplicity:1.79
0.001	0.308	0.085	0.606
0.632	0.052	0.293	0.023
0.001	0.152	0.835	0.012
0.356	0.390	0.097	0.158
0.001	0.866	0.050	0.083
0.273	0.001	0.725	0.001
0.003	0.001	0.989	0.007
0.001	0.004	0.992	0.003
>CCCCGTCT	7-CCCCGTCT	10.019500	-282.866367	0	T:598.0(29.75%),B:4593.8(10.54%),P:1e-122	Tpos:99.7,Tstd:43.3,Bpos:101.8,Bstd:83.1,StrandBias:-0.2,Multiplicity:1.19
0.001	0.997	0.001	0.001
0.001	0.997	0.001	0.001
0.001	0.997	0.001	0.001
0.001	0.997	0.001	0.001
0.001	0.001	0.997	0.001
0.001	0.001	0.001	0.997
0.001	0.997	0.001	0.001
0.001	0.350	0.001	0.648
>SYCTRYAG	8-SYCTRYAG	8.297715	-282.217286	0	T:653.0(32.49%),B:5368.9(12.32%),P:1e-122	Tpos:100.9,Tstd:38.0,Bpos:100.5,Bstd:67.4,StrandBias:-0.1,Multiplicity:1.09
0.001	0.464	0.534	0.001
0.001	0.533	0.001	0.465
0.001	0.997	0.001	0.001
0.001	0.001	0.001	0.997
0.526	0.001	0.472	0.001
0.001	0.529	0.001	0.469
0.997	0.001	0.001	0.001
0.001	0.001	0.997	0.001
>GKTTCACG	9-GKTTCACG	9.953344	-264.552926	0	T:336.0(16.72%),B:1628.3(3.74%),P:1e-114	Tpos:96.9,Tstd:60.3,Bpos:97.9,Bstd:71.2,StrandBias:0.1,Multiplicity:1.00
0.001	0.001	0.997	0.001
0.001	0.001	0.571	0.427
0.001	0.001	0.001	0.997
0.001	0.001	0.001	0.997
0.001	0.997	0.001	0.001
0.997	0.001	0.001	0.001
0.001	0.997	0.001	0.001
0.001	0.368	0.572	0.059
>ACTRCARG	10-ACTRCARG	9.775819	-264.358024	0	T:367.0(18.26%),B:1945.4(4.46%),P:1e-114	Tpos:100.4,Tstd:72.9,Bpos:95.5,Bstd:72.5,StrandBias:-0.0,Multiplicity:1.00
0.991	0.001	0.007	0.001
0.001	0.997	0.001	0.001
0.001	0.001	0.001	0.997
0.459	0.037	0.503	0.001
0.001	0.997	0.001	0.001
0.997	0.001	0.001	0.001
0.547	0.001	0.451	0.001
0.001	0.001	0.997	0.001
>AGACTAAA	11-AGACTAAA	5.767991	-250.573399	0	T:747.0(37.16%),B:7198.1(16.52%),P:1e-108	Tpos:98.9,Tstd:34.0,Bpos:100.3,Bstd:63.4,StrandBias:0.1,Multiplicity:1.01
0.927	0.071	0.001	0.001
0.001	0.001	0.928	0.070
0.997	0.001	0.001	0.001
0.001	0.997	0.001	0.001
0.001	0.001	0.001	0.997
0.997	0.001	0.001	0.001
0.997	0.001	0.001	0.001
0.997	0.001	0.001	0.001
>GTCAGGAG	12-GTCAGGAG	8.236954	-221.501116	0	T:598.0(29.75%),B:5320.1(12.21%),P:1e-96	Tpos:98.1,Tstd:65.5,Bpos:100.7,Bstd:65.0,StrandBias:0.0,Multiplicity:1.00
0.100	0.100	0.700	0.100
0.100	0.100	0.100	0.700
0.100	0.700	0.100	0.100
0.700	0.100	0.100	0.100
0.100	0.100	0.700	0.100
0.100	0.100	0.700	0.100
0.700	0.100	0.100	0.100
0.100	0.100	0.700	0.100
>GCCTCCCT	13-GCCTCCCT	8.089142	-197.132259	0	T:798.0(39.70%),B:8912.5(20.45%),P:1e-85	Tpos:100.6,Tstd:56.2,Bpos:98.9,Bstd:78.4,StrandBias:0.2,Multiplicity:1.41
0.306	0.001	0.608	0.085
0.001	0.855	0.143	0.001
0.016	0.932	0.001	0.051
0.054	0.046	0.089	0.811
0.054	0.691	0.254	0.001
0.001	0.963	0.001	0.035
0.016	0.919	0.001	0.064
0.182	0.033	0.222	0.563
>CRCCWCTG	14-CRCCWCTG	5.650140	-188.120916	0	T:652.0(32.44%),B:6641.1(15.24%),P:1e-81	Tpos:102.2,Tstd:71.8,Bpos:100.7,Bstd:74.5,StrandBias:0.1,Multiplicity:1.03
0.001	0.997	0.001	0.001
0.486	0.001	0.512	0.001
0.001	0.997	0.001	0.001
0.001	0.997	0.001	0.001
0.492	0.001	0.001	0.506
0.001	0.997	0.001	0.001
0.001	0.001	0.017	0.981
0.001	0.001	0.997	0.001
>TCGMGATC	15-TCGMGATC	6.106833	-178.971781	0	T:343.0(17.06%),B:2351.8(5.40%),P:1e-77	Tpos:96.4,Tstd:69.5,Bpos:101.2,Bstd:75.8,StrandBias:-0.0,Multiplicity:1.02
0.315	0.076	0.127	0.483
0.009	0.813	0.160	0.018
0.069	0.161	0.704	0.066
0.351	0.422	0.081	0.146
0.030	0.100	0.682	0.188
0.579	0.202	0.144	0.075
0.155	0.065	0.188	0.592
0.006	0.726	0.107	0.161
>CCCAGCTA	16-CCCAGCTA	7.805730	-143.262892	0	T:753.0(37.46%),B:9202.9(21.12%),P:1e-62	Tpos:100.6,Tstd:36.1,Bpos:101.4,Bstd:64.6,StrandBias:0.0,Multiplicity:1.18
0.001	0.997	0.001	0.001
0.001	0.997	0.001	0.001
0.001	0.997	0.001	0.001
0.997	0.001	0.001	0.001
0.001	0.001	0.908	0.090
0.001	0.956	0.001	0.042
0.001	0.001	0.001	0.997
0.997	0.001	0.001	0.001
>TGAGGAGC	17-TGAGGAGC	8.236954	-134.598478	0	T:233.0(11.59%),B:1456.7(3.34%),P:1e-58	Tpos:98.1,Tstd:53.6,Bpos:99.2,Bstd:90.7,StrandBias:-0.3,Multiplicity:1.85
0.100	0.100	0.100	0.700
0.100	0.100	0.700	0.100
0.700	0.100	0.100	0.100
0.100	0.100	0.700	0.100
0.100	0.100	0.700	0.100
0.700	0.100	0.100	0.100
0.100	0.100	0.700	0.100
0.100	0.700	0.100	0.100
>TCTGCCCG	18-TCTGCCCG	9.593075	-111.831320	0	T:335.0(16.67%),B:3026.0(6.94%),P:1e-48	Tpos:100.1,Tstd:55.0,Bpos:100.6,Bstd:82.6,StrandBias:-0.2,Multiplicity:1.42
0.001	0.001	0.001	0.997
0.001	0.997	0.001	0.001
0.001	0.094	0.001	0.904
0.001	0.001	0.997	0.001
0.001	0.997	0.001	0.001
0.001	0.997	0.001	0.001
0.001	0.746	0.001	0.252
0.001	0.001	0.997	0.001
>AGGTTACT	19-AGGTTACT	8.236954	-89.405237	0	T:55.0(2.74%),B:100.2(0.23%),P:1e-38	Tpos:110.8,Tstd:43.8,Bpos:105.9,Bstd:60.0,StrandBias:-0.4,Multiplicity:1.00
0.700	0.100	0.100	0.100
0.100	0.100	0.700	0.100
0.100	0.100	0.700	0.100
0.100	0.100	0.100	0.700
0.100	0.100	0.100	0.700
0.700	0.100	0.100	0.100
0.100	0.700	0.100	0.100
0.100	0.100	0.100	0.700
>GTTTGTCT	20-GTTTGTCT	8.236954	-78.310651	0	T:70.0(3.48%),B:223.1(0.51%),P:1e-34	Tpos:117.9,Tstd:50.4,Bpos:103.1,Bstd:55.7,StrandBias:-0.4,Multiplicity:1.00
0.100	0.100	0.700	0.100
0.100	0.100	0.100	0.700
0.100	0.100	0.100	0.700
0.100	0.100	0.100	0.700
0.100	0.100	0.700	0.100
0.100	0.100	0.100	0.700
0.100	0.700	0.100	0.100
0.100	0.100	0.100	0.700
>GGGGTCAG	21-GGGGTCAG	8.236954	-55.389982	0	T:143.0(7.11%),B:1170.0(2.68%),P:1e-24	Tpos:103.9,Tstd:58.0,Bpos:100.5,Bstd:96.6,StrandBias:-0.4,Multiplicity:1.56
0.100	0.100	0.700	0.100
0.100	0.100	0.700	0.100
0.100	0.100	0.700	0.100
0.100	0.100	0.700	0.100
0.100	0.100	0.100	0.700
0.100	0.700	0.100	0.100
0.700	0.100	0.100	0.100
0.100	0.100	0.700	0.100
>CTTCCTTC	22-CTTCCTTC	8.236954	-1.442468	0	T:43.0(2.14%),B:828.9(1.90%),P:1e0	Tpos:98.6,Tstd:38.5,Bpos:94.3,Bstd:64.5,StrandBias:-0.0,Multiplicity:7.14
0.100	0.700	0.100	0.100
0.100	0.100	0.100	0.700
0.100	0.100	0.100	0.700
0.100	0.700	0.100	0.100
0.100	0.700	0.100	0.100
0.100	0.100	0.100	0.700
0.100	0.100	0.100	0.700
0.100	0.700	0.100	0.100
>GAAAGAAA	23-GAAAGAAA	10.633913	-1.336857	0	T:49.0(2.44%),B:963.8(2.21%),P:1e0	Tpos:96.3,Tstd:59.8,Bpos:103.3,Bstd:71.7,StrandBias:1.2,Multiplicity:3.93
0.001	0.001	0.997	0.001
0.997	0.001	0.001	0.001
0.997	0.001	0.001	0.001
0.997	0.001	0.001	0.001
0.001	0.001	0.997	0.001
0.647	0.001	0.351	0.001
0.997	0.001	0.001	0.001
0.997	0.001	0.001	0.001
>TYTCTYTC	24-TYTCTYTC	7.149763	-0.081048	0	T:25.0(1.24%),B:701.2(1.61%),P:1e0	Tpos:98.5,Tstd:50.9,Bpos:100.0,Bstd:69.5,StrandBias:0.8,Multiplicity:1.43
0.001	0.143	0.116	0.740
0.001	0.529	0.001	0.469
0.084	0.044	0.151	0.721
0.237	0.416	0.178	0.169
0.007	0.040	0.015	0.938
0.001	0.472	0.001	0.526
0.014	0.265	0.001	0.720
0.202	0.466	0.314	0.019
>CTCTCTCT	25-CTCTCTCT	8.236954	-0.015349	0	T:43.0(2.14%),B:1261.9(2.90%),P:1e0	Tpos:97.8,Tstd:27.9,Bpos:97.7,Bstd:75.2,StrandBias:0.3,Multiplicity:1.26
0.100	0.700	0.100	0.100
0.100	0.100	0.100	0.700
0.100	0.700	0.100	0.100
0.100	0.100	0.100	0.700
0.100	0.700	0.100	0.100
0.100	0.100	0.100	0.700
0.100	0.700	0.100	0.100
0.100	0.100	0.100	0.700
