>CGTTCTCCTG	1-CGTTCTCCTG	8.642336	-411.997217	0	T:511.0(25.42%),B:2509.0(5.76%),P:1e-178	Tpos:99.9,Tstd:49.6,Bpos:99.8,Bstd:75.0,StrandBias:0.0,Multiplicity:1.50
0.106	0.668	0.149	0.077
0.051	0.032	0.851	0.066
0.141	0.028	0.313	0.518
0.042	0.046	0.354	0.558
0.079	0.803	0.049	0.069
0.065	0.035	0.328	0.572
0.037	0.838	0.038	0.087
0.094	0.807	0.046	0.053
0.140	0.113	0.078	0.669
0.175	0.043	0.720	0.062
>AGCAGGCTCT	2-AGCAGGCTCT	8.329219	-368.102335	0	T:503.0(25.02%),B:2701.3(6.20%),P:1e-159	Tpos:102.1,Tstd:65.7,Bpos:96.8,Bstd:70.7,StrandBias:0.0,Multiplicity:1.01
0.622	0.081	0.001	0.296
0.344	0.001	0.632	0.023
0.001	0.603	0.074	0.322
0.733	0.186	0.001	0.080
0.408	0.001	0.568	0.023
0.081	0.001	0.917	0.001
0.093	0.905	0.001	0.001
0.114	0.056	0.040	0.790
0.001	0.884	0.053	0.062
0.063	0.379	0.010	0.548
>ACCTCGTGAT	3-ACCTCGTGAT	5.410323	-364.847483	0	T:567.0(28.21%),B:3451.8(7.92%),P:1e-158	Tpos:98.3,Tstd:75.5,Bpos:101.2,Bstd:69.7,StrandBias:0.0,Multiplicity:1.00
0.997	0.001	0.001	0.001
0.001	0.689	0.309	0.001
0.001	0.997	0.001	0.001
0.001	0.001	0.001	0.997
0.001	0.692	0.306	0.001
0.331	0.001	0.667	0.001
0.317	0.001	0.001	0.681
0.001	0.001	0.997	0.001
0.997	0.001	0.001	0.001
0.001	0.001	0.001	0.997
>CGGGCGGCTG	4-CGGGCGGCTG	8.722321	-363.614812	0	T:766.0(38.11%),B:6079.1(13.95%),P:1e-157	Tpos:100.1,Tstd:45.2,Bpos:101.1,Bstd:87.2,StrandBias:0.1,Multiplicity:1.35
0.038	0.846	0.051	0.065
0.134	0.044	0.806	0.016
0.027	0.024	0.932	0.017
0.020	0.136	0.672	0.172
0.041	0.600	0.238	0.121
0.052	0.029	0.776	0.143
0.009	0.307	0.673	0.011
0.029	0.917	0.001	0.053
0.127	0.039	0.001	0.833
0.024	0.001	0.950	0.025
>TCCCGGCTAA	5-TCCCGGCTAA	12.335541	-361.173785	0	T:555.0(27.61%),B:3338.5(7.66%),P:1e-156	Tpos:99.1,Tstd:42.1,Bpos:99.4,Bstd:72.3,StrandBias:-0.0,Multiplicity:1.51
0.001	0.001	0.402	0.596
0.001	0.997	0.001	0.001
0.001	0.994	0.001	0.004
0.001	0.623	0.001	0.375
0.001	0.001	0.997	0.001
0.001	0.001	0.997	0.001
0.001	0.995	0.001	0.003
0.001	0.001	0.001	0.997
0.997	0.001	0.001	0.001
0.997	0.001	0.001	0.001
>AVGGAGAWTG	6-AVGGAGAWTG	7.626591	-359.471549	0	T:496.0(24.68%),B:2683.1(6.16%),P:1e-156	Tpos:101.5,Tstd:54.8,Bpos:98.2,Bstd:71.7,StrandBias:0.1,Multiplicity:1.08
0.425	0.233	0.268	0.074
0.342	0.261	0.279	0.118
0.213	0.039	0.660	0.088
0.217	0.035	0.694	0.054
0.721	0.070	0.172	0.037
0.047	0.290	0.581	0.082
0.614	0.323	0.001	0.062
0.442	0.018	0.004	0.536
0.142	0.015	0.215	0.628
0.046	0.001	0.751	0.202
>GCGTGAACCC	7-GCGTGAACCC	8.257849	-356.250805	0	T:563.0(28.01%),B:3471.6(7.97%),P:1e-154	Tpos:99.0,Tstd:51.3,Bpos:99.7,Bstd:70.5,StrandBias:0.0,Multiplicity:1.49
0.185	0.268	0.542	0.005
0.052	0.642	0.209	0.097
0.024	0.008	0.954	0.014
0.001	0.053	0.011	0.935
0.005	0.013	0.974	0.008
0.973	0.018	0.005	0.004
0.982	0.004	0.009	0.005
0.350	0.546	0.023	0.081
0.025	0.953	0.009	0.013
0.003	0.973	0.008	0.016
>TAGATGGGAC	8-TAGATGGGAC	7.502507	-331.640564	0	T:675.0(33.58%),B:5136.8(11.79%),P:1e-144	Tpos:100.1,Tstd:38.6,Bpos:100.3,Bstd:67.9,StrandBias:-0.1,Multiplicity:1.04
0.067	0.221	0.027	0.685
0.788	0.075	0.057	0.080
0.073	0.013	0.864	0.050
0.962	0.017	0.008	0.013
0.074	0.059	0.018	0.849
0.025	0.017	0.888	0.070
0.075	0.051	0.719	0.155
0.108	0.008	0.851	0.033
0.677	0.038	0.151	0.134
0.064	0.726	0.032	0.178
>ATACTAAAAA	9-ATACTAAAAA	8.350283	-270.419844	0	T:797.0(39.65%),B:7710.4(17.69%),P:1e-117	Tpos:99.1,Tstd:31.8,Bpos:100.3,Bstd:64.6,StrandBias:0.0,Multiplicity:1.63
0.700	0.100	0.100	0.100
0.100	0.100	0.100	0.700
0.700	0.100	0.100	0.100
0.100	0.700	0.100	0.100
0.100	0.100	0.100	0.700
0.700	0.100	0.100	0.100
0.700	0.100	0.100	0.100
0.700	0.100	0.100	0.100
0.700	0.100	0.100	0.100
0.700	0.100	0.100	0.100
>GCKCTCYTCA	10-GCKCTCYTCA	9.248630	-248.165236	0	T:293.0(14.58%),B:1309.5(3.00%),P:1e-107	Tpos:99.4,Tstd:52.1,Bpos:101.0,Bstd:89.6,StrandBias:0.1,Multiplicity:1.65
0.182	0.014	0.762	0.042
0.056	0.788	0.106	0.050
0.102	0.003	0.426	0.469
0.025	0.854	0.058	0.063
0.006	0.085	0.005	0.904
0.022	0.969	0.007	0.002
0.024	0.456	0.061	0.460
0.015	0.006	0.001	0.978
0.001	0.992	0.001	0.006
0.875	0.055	0.055	0.015
>TCYGCCYGGC	11-TCYGCCYGGC	9.265605	-190.860281	0	T:360.0(17.91%),B:2446.7(5.61%),P:1e-82	Tpos:100.7,Tstd:54.1,Bpos:99.0,Bstd:98.2,StrandBias:-0.4,Multiplicity:2.11
0.001	0.232	0.153	0.614
0.094	0.868	0.023	0.015
0.165	0.426	0.039	0.370
0.159	0.001	0.809	0.031
0.119	0.695	0.142	0.044
0.002	0.996	0.001	0.001
0.002	0.557	0.012	0.429
0.148	0.039	0.728	0.085
0.116	0.226	0.657	0.001
0.068	0.865	0.066	0.001
>GATTACTSCT	12-GATTACTSCT	9.680922	-162.851536	0	T:80.0(3.98%),B:93.2(0.21%),P:1e-70	Tpos:101.6,Tstd:47.6,Bpos:103.8,Bstd:49.4,StrandBias:-0.1,Multiplicity:1.00
0.139	0.127	0.651	0.083
0.528	0.061	0.359	0.052
0.159	0.022	0.088	0.731
0.003	0.060	0.001	0.936
0.682	0.316	0.001	0.001
0.083	0.628	0.074	0.215
0.006	0.001	0.001	0.992
0.110	0.481	0.365	0.044
0.088	0.829	0.044	0.039
0.045	0.083	0.045	0.827
>TTGTCTGTSY	13-TTGTCTGTSY	10.098485	-157.972405	0	T:63.0(3.13%),B:45.5(0.10%),P:1e-68	Tpos:111.4,Tstd:49.1,Bpos:103.0,Bstd:45.4,StrandBias:-0.8,Multiplicity:1.00
0.061	0.204	0.001	0.734
0.030	0.093	0.161	0.716
0.056	0.028	0.680	0.236
0.039	0.001	0.054	0.906
0.014	0.577	0.031	0.378
0.059	0.033	0.021	0.887
0.139	0.059	0.736	0.066
0.010	0.033	0.175	0.782
0.017	0.358	0.491	0.134
0.119	0.495	0.007	0.379
>CACCATAGGT	14-CACCATAGGT	8.369194	-155.383307	0	T:98.0(4.88%),B:184.3(0.42%),P:1e-67	Tpos:114.8,Tstd:49.2,Bpos:100.3,Bstd:48.7,StrandBias:-0.1,Multiplicity:1.00
0.001	0.860	0.001	0.138
0.965	0.033	0.001	0.001
0.001	0.997	0.001	0.001
0.001	0.997	0.001	0.001
0.997	0.001	0.001	0.001
0.001	0.001	0.173	0.825
0.858	0.008	0.001	0.133
0.007	0.001	0.991	0.001
0.001	0.001	0.997	0.001
0.001	0.001	0.001	0.997
>TAAGTCTGCA	15-TAAGTCTGCA	10.003011	-131.878876	0	T:59.0(2.94%),B:56.9(0.13%),P:1e-57	Tpos:111.8,Tstd:42.0,Bpos:97.7,Bstd:45.6,StrandBias:-0.1,Multiplicity:1.00
0.001	0.001	0.001	0.997
0.997	0.001	0.001	0.001
0.976	0.022	0.001	0.001
0.001	0.001	0.997	0.001
0.001	0.001	0.001	0.997
0.001	0.997	0.001	0.001
0.001	0.001	0.001	0.997
0.001	0.017	0.981	0.001
0.001	0.997	0.001	0.001
0.997	0.001	0.001	0.001
>AGCTGTCAGA	16-AGCTGTCAGA	9.818519	-127.738879	0	T:58.0(2.89%),B:57.2(0.13%),P:1e-55	Tpos:109.3,Tstd:42.6,Bpos:108.0,Bstd:43.7,StrandBias:-0.3,Multiplicity:1.00
0.997	0.001	0.001	0.001
0.001	0.001	0.997	0.001
0.001	0.997	0.001	0.001
0.001	0.001	0.001	0.997
0.018	0.001	0.980	0.001
0.001	0.001	0.001	0.997
0.001	0.997	0.001	0.001
0.997	0.001	0.001	0.001
0.001	0.001	0.997	0.001
0.997	0.001	0.001	0.001
>GTCTTTTTGT	17-GTCTTTTTGT	11.005684	-126.320116	0	T:63.0(3.13%),B:76.2(0.17%),P:1e-54	Tpos:114.2,Tstd:48.1,Bpos:93.7,Bstd:48.6,StrandBias:-0.4,Multiplicity:1.00
0.001	0.001	0.997	0.001
0.001	0.001	0.001	0.997
0.001	0.997	0.001	0.001
0.001	0.001	0.001	0.997
0.001	0.059	0.001	0.939
0.001	0.001	0.001	0.997
0.001	0.001	0.001	0.997
0.001	0.001	0.001	0.997
0.001	0.001	0.997	0.001
0.001	0.001	0.001	0.997
>GGAGAACCAC	18-GGAGAACCAC	10.296193	-116.871228	0	T:60.0(2.99%),B:77.8(0.18%),P:1e-50	Tpos:103.2,Tstd:50.7,Bpos:93.3,Bstd:61.3,StrandBias:0.1,Multiplicity:1.00
0.100	0.100	0.700	0.100
0.100	0.100	0.700	0.100
0.700	0.100	0.100	0.100
0.100	0.100	0.700	0.100
0.700	0.100	0.100	0.100
0.700	0.100	0.100	0.100
0.100	0.700	0.100	0.100
0.100	0.700	0.100	0.100
0.700	0.100	0.100	0.100
0.100	0.700	0.100	0.100
>CCGTCTGGGA	19-CCGTCTGGGA	9.887273	-111.046008	0	T:180.0(8.96%),B:1061.2(2.43%),P:1e-48	Tpos:98.3,Tstd:51.8,Bpos:97.9,Bstd:95.7,StrandBias:-0.3,Multiplicity:2.07
0.001	0.793	0.044	0.162
0.115	0.743	0.001	0.141
0.237	0.001	0.498	0.265
0.273	0.001	0.038	0.688
0.001	0.922	0.076	0.001
0.028	0.133	0.042	0.797
0.163	0.001	0.835	0.001
0.187	0.001	0.807	0.005
0.052	0.001	0.933	0.014
0.985	0.013	0.001	0.001
>GGGCTCCCAC	20-GGGCTCCCAC	10.474803	-99.189437	0	T:75.0(3.73%),B:189.4(0.43%),P:1e-43	Tpos:91.7,Tstd:49.5,Bpos:98.3,Bstd:70.7,StrandBias:0.1,Multiplicity:1.31
0.001	0.001	0.997	0.001
0.001	0.001	0.997	0.001
0.001	0.001	0.997	0.001
0.001	0.887	0.111	0.001
0.001	0.001	0.001	0.997
0.001	0.959	0.001	0.039
0.001	0.997	0.001	0.001
0.001	0.997	0.001	0.001
0.997	0.001	0.001	0.001
0.001	0.997	0.001	0.001
>TCCGGGASGG	21-TCCGGGASGG	10.357817	-73.599336	0	T:141.0(7.01%),B:945.3(2.17%),P:1e-31	Tpos:102.2,Tstd:55.1,Bpos:99.1,Bstd:108.9,StrandBias:-0.4,Multiplicity:1.99
0.025	0.001	0.001	0.973
0.001	0.913	0.081	0.005
0.001	0.892	0.052	0.055
0.001	0.176	0.772	0.051
0.045	0.021	0.927	0.007
0.017	0.061	0.895	0.027
0.775	0.001	0.006	0.218
0.059	0.356	0.502	0.083
0.063	0.001	0.903	0.033
0.001	0.017	0.599	0.383
>AAGGAAGGAA	22-AAGGAAGGAA	12.539095	-15.258864	0	T:36.0(1.79%),B:292.1(0.67%),P:1e-6	Tpos:103.1,Tstd:37.1,Bpos:92.2,Bstd:67.2,StrandBias:-0.0,Multiplicity:2.11
0.997	0.001	0.001	0.001
0.997	0.001	0.001	0.001
0.133	0.001	0.865	0.001
0.001	0.001	0.996	0.002
0.996	0.001	0.001	0.002
0.997	0.001	0.001	0.001
0.399	0.003	0.597	0.001
0.001	0.001	0.997	0.001
0.789	0.001	0.209	0.001
0.997	0.001	0.001	0.001
>GAGAGAAAGA	23-GAGAGAAAGA	10.809940	-13.528683	0	T:60.0(2.99%),B:663.5(1.52%),P:1e-5	Tpos:94.5,Tstd:57.7,Bpos:103.3,Bstd:72.2,StrandBias:0.8,Multiplicity:1.51
0.001	0.001	0.997	0.001
0.743	0.001	0.255	0.001
0.347	0.001	0.635	0.017
0.785	0.213	0.001	0.001
0.001	0.001	0.944	0.054
0.997	0.001	0.001	0.001
0.834	0.001	0.135	0.030
0.997	0.001	0.001	0.001
0.001	0.001	0.997	0.001
0.604	0.001	0.394	0.001
>CTCGCTCTCG	24-CTCGCTCTCG	11.322557	-8.992106	0	T:13.0(0.65%),B:80.7(0.19%),P:1e-3	Tpos:92.9,Tstd:57.2,Bpos:109.1,Bstd:89.0,StrandBias:0.2,Multiplicity:1.00
0.001	0.997	0.001	0.001
0.001	0.001	0.001	0.997
0.001	0.997	0.001	0.001
0.106	0.001	0.640	0.253
0.001	0.997	0.001	0.001
0.001	0.001	0.001	0.997
0.001	0.997	0.001	0.001
0.155	0.001	0.001	0.843
0.001	0.997	0.001	0.001
0.001	0.001	0.901	0.097
>TCCTTTCCTT	25-TCCTTTCCTT	10.296193	-4.169829	0	T:9.0(0.45%),B:82.7(0.19%),P:1e-1	Tpos:105.7,Tstd:44.0,Bpos:100.4,Bstd:75.0,StrandBias:0.4,Multiplicity:7.00
0.100	0.100	0.100	0.700
0.100	0.700	0.100	0.100
0.100	0.700	0.100	0.100
0.100	0.100	0.100	0.700
0.100	0.100	0.100	0.700
0.100	0.100	0.100	0.700
0.100	0.700	0.100	0.100
0.100	0.700	0.100	0.100
0.100	0.100	0.100	0.700
0.100	0.100	0.100	0.700
